-0.50761442 -0.07146055 -1.67163816
-0.50618101 -0.10307634 -1.65314737
-0.50518380 -0.13488183 -1.63464202
-0.50368593 -0.16665194 -1.61372819
-0.50221016 -0.19838719 -1.59133060
-0.50094984 -0.22965437 -1.57315376
-0.49982728 -0.26106952 -1.56077356
-0.49876761 -0.29172352 -1.55471639
-0.49721654 -0.32244776 -1.55476347
-0.48454373 0.11591589 -1.64533450
-0.48321647 0.08253006 -1.61194568
-0.48194386 0.05079093 -1.59948149
-0.48108039 0.02021154 -1.60148496
-0.47911142 -0.01103800 -1.60757791
-0.47773665 -0.04158996 -1.61358005
-0.47697000 -0.07224310 -1.61349979
-0.47539985 -0.10373453 -1.60175504
-0.47429632 -0.13552622 -1.58257128
-0.47302369 -0.16724094 -1.55892495
-0.47181420 -0.19868686 -1.53626692
-0.47079127 -0.22983119 -1.51983953
-0.46963423 -0.26075458 -1.50956940
-0.46812597 -0.29125638 -1.50495496
-0.46668059 -0.32176127 -1.50526478
-0.46573753 -0.35221896 -1.50983336
-0.46448987 -0.38271222 -1.51800456
-0.46238170 -0.44377670 -1.54432988
-0.46095606 -0.47424291 -1.55936424
-0.45929159 -0.50524213 -1.57292781
-0.45781771 -0.53571240 -1.58620549
-0.45659337 -0.56655204 -1.60164382
-0.45551203 -0.59756055 -1.61858353
-0.45381811 -0.62871530 -1.63496718
-0.45263734 -0.65984333 -1.64750649
-0.45108861 -0.69057632 -1.65670301
-0.45032874 -0.72119349 -1.66579150
-0.44882645 -0.75215078 -1.67486266
-0.45836797 0.24114551 -1.63835022
-0.45715290 0.20815300 -1.61439899
-0.45631352 0.17483712 -1.58127571
-0.45489973 0.14023312 -1.53523927
-0.45418107 0.10712056 -1.50129381
-0.45252452 0.07621169 -1.49235230
-0.45122766 0.04665435 -1.50406993
-0.45026512 0.01700246 -1.52528119
-0.44824926 -0.01293228 -1.54838642
-0.44720124 -0.04238353 -1.56487115
-0.44579668 -0.07290289 -1.57034283
-0.44489664 -0.10394850 -1.56206362
-0.44368577 -0.13564565 -1.54232443
-0.44257219 -0.16730513 -1.51779458
-0.44138854 -0.19860676 -1.49597146
-0.44045701 -0.22960879 -1.48171407
-0.43947569 -0.26026951 -1.47351300
-0.43833811 -0.29067856 -1.46939139
-0.43711979 -0.32101163 -1.46814009
-0.43560478 -0.35155136 -1.46935715
-0.43459585 -0.38174023 -1.47325219
-0.43354247 -0.41204099 -1.47918909
-0.43167025 -0.44217417 -1.48732658
-0.43080268 -0.47282627 -1.49944798
-0.42913711 -0.50334991 -1.51061002
-0.42803740 -0.53381407 -1.52231155
-0.42681216 -0.56427924 -1.53547504
-0.42546009 -0.59470434 -1.54864165
-0.42399711 -0.62560704 -1.56214062
-0.42248014 -0.65615832 -1.57418863
-0.42111891 -0.68694725 -1.58521584
-0.41993495 -0.71744124 -1.59536070
-0.41904540 -0.74837944 -1.60626943
-0.41761175 -0.77909494 -1.61820495
-0.41621613 -0.80994352 -1.63096255
-0.41540163 -0.84069319 -1.64484457
-0.41396275 -0.87158659 -1.66133876
-0.43280321 0.36502301 -1.62504917
-0.43161892 0.33214373 -1.60382627
-0.43079725 0.29964696 -1.58364673
-0.42973061 0.26711732 -1.56384495
-0.42810878 0.23409535 -1.54056624
-0.42722485 0.20161283 -1.51466408
-0.42650083 0.16814315 -1.47762509
-0.42562737 0.13476369 -1.44106467
-0.42469967 0.10359603 -1.42556465
-0.42352158 0.07423025 -1.43439113
-0.42204242 0.04546074 -1.45413051
-0.41991204 0.01537926 -1.48123051
-0.41866861 -0.01328802 -1.50881556
-0.41705672 -0.04283606 -1.52822127
-0.41536694 -0.07315348 -1.53398084
-0.41466648 -0.10411542 -1.52642005
-0.41371898 -0.13568282 -1.50894914
-0.41260428 -0.16698951 -1.48787660
-0.41170705 -0.19818594 -1.46794951
-0.41063678 -0.22910639 -1.45456169
-0.40919685 -0.25956423 -1.44630814
-0.40853830 -0.28992577 -1.44165978
-0.40726372 -0.32027862 -1.43792283
-0.40583511 -0.35065441 -1.43582913
-0.40494172 -0.38086302 -1.43575117
-0.40390267 -0.41099852 -1.43688122
-0.40226996 -0.44089970 -1.44053544
-0.40103371 -0.47144631 -1.44970654
-0.39952672 -0.50163738 -1.46015675
-0.39853007 -0.53180554 -1.47262071
-0.39740480 -0.56219557 -1.48630139
-0.39536613 -0.59256357 -1.49839971
-0.39405486 -0.62297846 -1.50867534
-0.39290302 -0.65327839 -1.51738435
-0.39179148 -0.68358362 -1.52464903
-0.39032977 -0.71384587 -1.53137921
-0.38904900 -0.74439253 -1.53983735
-0.38786139 -0.77461640 -1.55176735
-0.38687105 -0.80559007 -1.56712834
-0.38506676 -0.83611243 -1.58291881
-0.38383954 -0.86729805 -1.60193666
-0.38241437 -0.89852536 -1.62434987
-0.38120182 -0.92986325 -1.64936942
-0.40557770 0.45880022 -1.62614824
-0.40467793 0.42530921 -1.59877541
-0.40374768 0.39226685 -1.57429262
-0.40264204 0.35917998 -1.55209992
-0.40157051 0.32689803 -1.53227549
-0.40057069 0.29445787 -1.51256387
-0.39971420 0.26199012 -1.49280013
-0.39872806 0.23012427 -1.47326384
-0.39770101 0.19777844 -1.44669493
-0.39695077 0.16429748 -1.41017625
-0.39614586 0.13225169 -1.38567728
-0.39528559 0.10221636 -1.38274769
-0.39370959 0.07309090 -1.39581050
-0.39206929 0.04446600 -1.41772682
-0.39012626 0.01455127 -1.44750983
-0.38890716 -0.01340475 -1.47535888
-0.38758911 -0.04298797 -1.49297429
-0.38577606 -0.07344597 -1.49893249
-0.38467330 -0.10441814 -1.49134376
-0.38366629 -0.13558024 -1.47835863
-0.38255452 -0.16655035 -1.46371142
-0.38185096 -0.19745932 -1.44812209
-0.38047284 -0.22830947 -1.43574390
-0.37949741 -0.25882693 -1.42623577
-0.37878705 -0.28910997 -1.41968682
-0.37765577 -0.31939943 -1.41352727
-0.37638622 -0.34970595 -1.40834680
-0.37538494 -0.37979888 -1.40522967
-0.37428455 -0.40978973 -1.40438840
-0.37289625 -0.43974061 -1.40705706
-0.37134355 -0.47012714 -1.41473437
-0.37051807 -0.50012859 -1.42494506
-0.36890238 -0.53026383 -1.43789889
-0.36752520 -0.56043377 -1.45116372
-0.36619759 -0.59076790 -1.46351823
-0.36489818 -0.62095922 -1.47283072
-0.36376733 -0.65113301 -1.47956389
-0.36251922 -0.68114604 -1.48386582
-0.36115270 -0.71119766 -1.48780187
-0.36022076 -0.74129732 -1.49276502
-0.35909512 -0.77134432 -1.50105258
-0.35743549 -0.80168026 -1.51359775
-0.35590153 -0.83213410 -1.52941444
-0.35422713 -0.86302794 -1.54920468
-0.35311401 -0.89417143 -1.57199917
-0.35150535 -0.92549036 -1.59672842
-0.34945832 -0.95696492 -1.62350778
-0.37674882 0.48847150 -1.59949252
-0.37561456 0.45451396 -1.57193007
-0.37468698 0.42142537 -1.54760147
-0.37397466 0.38854634 -1.52425982
-0.37289594 0.35579907 -1.50275952
-0.37191939 0.32353035 -1.48323879
-0.37089466 0.29161200 -1.46502135
-0.36988623 0.25946010 -1.44666174
-0.36905471 0.22768027 -1.42647595
-0.36844226 0.19506469 -1.39686245
-0.36775444 0.16209889 -1.36457321
-0.36677721 0.13089066 -1.34774238
-0.36555891 0.10136666 -1.35118086
-0.36424817 0.07264878 -1.36509482
-0.36256386 0.04327818 -1.38613751
-0.36080167 0.01424194 -1.41232506
-0.35933634 -0.01476402 -1.42937323
-0.35780829 -0.04499742 -1.44245262
-0.35562296 -0.07423836 -1.45444464
-0.35494164 -0.10476524 -1.45371970
-0.35410268 -0.13542338 -1.44973581
-0.35265198 -0.16598690 -1.44396532
-0.35156819 -0.19642574 -1.43608976
-0.35064688 -0.22735431 -1.42458412
-0.34993041 -0.25787575 -1.41210442
-0.34874016 -0.28815054 -1.40196874
-0.34795704 -0.31857959 -1.39311313
-0.34697576 -0.34876677 -1.38557634
-0.34565913 -0.37874570 -1.38060446
-0.34469888 -0.40862517 -1.37905485
-0.34356859 -0.43859826 -1.38208768
-0.34213077 -0.46878756 -1.38952539
-0.34091468 -0.49860599 -1.39971896
-0.33934819 -0.52875230 -1.41278562
-0.33778509 -0.55880951 -1.42603646
-0.33668438 -0.58920031 -1.43862986
-0.33585621 -0.61928638 -1.44729149
-0.33432192 -0.64923063 -1.45127327
-0.33314275 -0.67897311 -1.45165812
-0.33210014 -0.70908977 -1.45402167
-0.33148943 -0.73884047 -1.45883297
-0.32980926 -0.76881836 -1.46598518
-0.32812994 -0.79879850 -1.47687764
-0.32695702 -0.82917083 -1.49179456
-0.32527899 -0.85974075 -1.50907572
-0.32366572 -0.89042169 -1.52772718
-0.32200809 -0.92130220 -1.54929012
-0.32032282 -0.95234108 -1.57370579
-0.31899908 -0.98407216 -1.60141459
-0.34840999 0.55225811 -1.60990928
-0.34759995 0.51849561 -1.58108057
-0.34678280 0.48454588 -1.55482011
-0.34572034 0.45171851 -1.53202312
-0.34483045 0.41900493 -1.51044277
-0.34409707 0.38652053 -1.48954724
-0.34327485 0.35400437 -1.46911825
-0.34243204 0.32197956 -1.45069063
-0.34131469 0.29018575 -1.43284259
-0.34024141 0.25791081 -1.41303907
-0.33968526 0.22607243 -1.38991736
-0.33920983 0.19327296 -1.35877115
-0.33832080 0.16106759 -1.33255426
-0.33755967 0.13033452 -1.31929396
-0.33637400 0.10074529 -1.32423181
-0.33485476 0.07244214 -1.33906137
-0.33257846 0.04253745 -1.35979194
-0.33119493 0.01383944 -1.37903961
-0.32915590 -0.01536694 -1.39605424
-0.32754586 -0.04467810 -1.41266129
-0.32682030 -0.07484998 -1.41477379
-0.32537924 -0.10515035 -1.41619887
-0.32418809 -0.13510914 -1.42244851
-0.32288281 -0.16536334 -1.42563536
-0.32146147 -0.19555251 -1.42395622
-0.32058664 -0.22634929 -1.41529837
-0.32018578 -0.25684905 -1.40145941
-0.31930804 -0.28720181 -1.38799519
-0.31812332 -0.31761712 -1.37602515
-0.31740808 -0.34779695 -1.36716476
-0.31628532 -0.37769739 -1.36109861
-0.31517493 -0.40750970 -1.35902924
-0.31446161 -0.43747918 -1.36259890
-0.31295050 -0.46752863 -1.37026299
-0.31135599 -0.49734753 -1.38083138
-0.31019041 -0.52739271 -1.39422309
-0.30850771 -0.55734831 -1.40779423
-0.30747415 -0.58767094 -1.41874592
-0.30585706 -0.61745385 -1.42153828
-0.30495852 -0.64702220 -1.41882106
-0.30368116 -0.67655966 -1.41627783
-0.30279517 -0.70673721 -1.42042479
-0.30182826 -0.73643625 -1.42887066
-0.30051736 -0.76652485 -1.43924813
-0.29897261 -0.79644249 -1.45040854
-0.29763496 -0.82676846 -1.46393444
-0.29594302 -0.85698255 -1.47854061
-0.29457458 -0.88719051 -1.49338918
-0.29343029 -0.91775795 -1.51092340
-0.29183066 -0.94800085 -1.53027361
-0.29035123 -0.97971037 -1.55262216
-0.28913524 -1.01044984 -1.57596111
-0.28690696 -1.04191810 -1.60407781
-0.31886553 0.58300351 -1.60022083
-0.31838748 0.54877320 -1.56841676
-0.31751889 0.51574317 -1.54341196
-0.31676624 0.48179417 -1.51902965
-0.31591465 0.44962609 -1.49940052
-0.31524160 0.41712640 -1.47949579
-0.31434399 0.38489624 -1.46046926
-0.31335874 0.35275535 -1.44147011
-0.31249193 0.32086242 -1.42348057
-0.31165933 0.28886053 -1.40444266
-0.31091599 0.25680484 -1.38365573
-0.31038106 0.22472558 -1.35815518
-0.30998066 0.19198468 -1.32774783
-0.30934613 0.16048758 -1.30708044
-0.30829221 0.13003616 -1.29686559
-0.30688492 0.10041985 -1.30162397
-0.30532494 0.07243666 -1.31875006
-0.30307326 0.04253090 -1.33986345
-0.30175986 0.01413243 -1.35710188
-0.29946073 -0.01500528 -1.37802453
-0.29838279 -0.04426655 -1.39256130
-0.29754790 -0.07463992 -1.39006628
-0.29611199 -0.10513150 -1.38832695
-0.29448812 -0.13482091 -1.39830521
-0.29316178 -0.16468699 -1.40773475
-0.29180281 -0.19474429 -1.40949776
-0.29082696 -0.22540193 -1.40458390
-0.29043387 -0.25584640 -1.39162118
-0.28969615 -0.28621298 -1.37488635
-0.28877671 -0.31665431 -1.36069869
-0.28796770 -0.34675344 -1.35096817
-0.28681260 -0.37668002 -1.34431667
-0.28590673 -0.40630507 -1.34287145
-0.28485292 -0.43642015 -1.34731667
-0.28336928 -0.46626675 -1.35582638
-0.28195148 -0.49603787 -1.36720201
-0.28055082 -0.52600453 -1.38084156
-0.27924092 -0.55600418 -1.39215460
-0.27791138 -0.58597566 -1.39447305
-0.27710798 -0.61549448 -1.38873476
-0.27674425 -0.64496578 -1.38391886
-0.27509331 -0.67436546 -1.38461152
-0.27395273 -0.70465270 -1.39449729
-0.27250842 -0.73457517 -1.40833424
-0.27094556 -0.76454512 -1.42082102
-0.26957942 -0.79452758 -1.43135335
-0.26840838 -0.82455504 -1.44207848
-0.26698399 -0.85455335 -1.45418669
-0.26558845 -0.88462426 -1.46728043
-0.26419377 -0.91488915 -1.48227849
-0.26341756 -0.94473683 -1.49715820
-0.26161623 -0.97591383 -1.51342155
-0.26039416 -1.00555286 -1.52720487
-0.25851345 -1.03574857 -1.54381184
-0.25714115 -1.06701948 -1.57060234
-0.28962718 0.61468319 -1.59602347
-0.28925970 0.57953053 -1.55962801
-0.28856638 0.54586682 -1.53262636
-0.28777800 0.51315204 -1.51059592
-0.28694362 0.47986967 -1.48881500
-0.28642875 0.44781710 -1.47070675
-0.28572991 0.41563923 -1.45187999
-0.28462678 0.38346104 -1.43371994
-0.28371542 0.35155301 -1.41549342
-0.28308842 0.31980917 -1.39761261
-0.28236131 0.28769410 -1.37757627
-0.28188405 0.25570468 -1.35586443
-0.28136771 0.22359253 -1.32990290
-0.28081374 0.19129653 -1.30309259
-0.27999722 0.16025809 -1.28716136
-0.27891028 0.13030552 -1.27934761
-0.27789369 0.10054967 -1.28373841
-0.27590740 0.07274696 -1.30375431
-0.27342695 0.04273526 -1.32502132
-0.27242556 0.01467602 -1.34493000
-0.27058581 -0.01431778 -1.36689478
-0.26917912 -0.04396609 -1.37553061
-0.26800036 -0.07417582 -1.37316343
-0.26682595 -0.10470064 -1.37044117
-0.26467656 -0.13429769 -1.38038967
-0.26355215 -0.16395528 -1.39199305
-0.26226970 -0.19405761 -1.39441478
-0.26103178 -0.22441340 -1.39225722
-0.26029323 -0.25483227 -1.38030286
-0.26006888 -0.28529068 -1.36131196
-0.25935582 -0.31565349 -1.34579862
-0.25860348 -0.34576038 -1.33572896
-0.25774533 -0.37556115 -1.33022959
-0.25647488 -0.40518621 -1.33005567
-0.25509161 -0.43528255 -1.33597874
-0.25402174 -0.46507833 -1.34571691
-0.25254717 -0.49482531 -1.35777022
-0.25097898 -0.52473693 -1.36931225
-0.24977123 -0.55449381 -1.37217628
-0.24903627 -0.58418681 -1.36498532
-0.24850829 -0.61361724 -1.35617837
-0.24779280 -0.64300419 -1.35319860
-0.24659743 -0.67254891 -1.35937551
-0.24480257 -0.70288655 -1.37629416
-0.24311844 -0.73299709 -1.39457955
-0.24173973 -0.76291717 -1.40634188
-0.24074820 -0.79256398 -1.41384124
-0.23916656 -0.82243872 -1.42131166
-0.23824648 -0.85216536 -1.43094595
-0.23674421 -0.88218333 -1.44370827
-0.23564927 -0.91212509 -1.45727919
-0.23418824 -0.94194538 -1.47024251
-0.23279870 -0.97272572 -1.48318274
-0.23173341 -1.00192111 -1.49115454
-0.23090051 -1.03135360 -1.49874494
-0.22936599 -1.06128049 -1.51258958
-0.22783237 -1.09225304 -1.53797575
-0.25997391 0.61087388 -1.55649250
-0.25966827 0.57675763 -1.52524589
-0.25895777 0.54373955 -1.50207660
-0.25811147 0.51098168 -1.48156485
-0.25740532 0.47828374 -1.46218180
-0.25661842 0.44641402 -1.44509897
-0.25590208 0.41446467 -1.42753817
-0.25518949 0.38237934 -1.40984505
-0.25450743 0.35050349 -1.39146239
-0.25391894 0.31882081 -1.37298349
-0.25306530 0.28656314 -1.35158843
-0.25245738 0.25475149 -1.32966045
-0.25215755 0.22285497 -1.30614927
-0.25156983 0.19115264 -1.28385450
-0.25059710 0.16033244 -1.27031961
-0.24968283 0.13033638 -1.26213512
-0.24870301 0.10080298 -1.26867491
-0.24671830 0.07326539 -1.29313533
-0.24460410 0.04341580 -1.31562528
-0.24262465 0.01570226 -1.33829603
-0.24057562 -0.01292462 -1.36314101
-0.23857868 -0.04289766 -1.37058171
-0.23787961 -0.07347776 -1.36337546
-0.23696090 -0.10383762 -1.35961713
-0.23534639 -0.13342442 -1.36894588
-0.23404909 -0.16315572 -1.37896819
-0.23278382 -0.19326873 -1.38156028
-0.23155225 -0.22349161 -1.37974128
-0.23102794 -0.25397083 -1.36572512
-0.23052575 -0.28436345 -1.34662241
-0.22980981 -0.31470473 -1.33148358
-0.22935610 -0.34464390 -1.32214773
-0.22827916 -0.37447942 -1.31877458
-0.22722884 -0.40403161 -1.32092649
-0.22578097 -0.43413443 -1.32874855
-0.22447689 -0.46392048 -1.34026206
-0.22288236 -0.49364780 -1.35118263
-0.22172091 -0.52335080 -1.35447308
-0.22080890 -0.55296628 -1.34764325
-0.22028065 -0.58244804 -1.33664604
-0.21963972 -0.61172648 -1.32893126
-0.21867187 -0.64112568 -1.32914248
-0.21784401 -0.67083183 -1.34051232
-0.21551305 -0.70132475 -1.36377668
-0.21368087 -0.73157972 -1.38477132
-0.21246530 -0.76121750 -1.39106749
-0.21197573 -0.79058296 -1.39372919
-0.21097984 -0.82024334 -1.39945638
-0.20944037 -0.84981419 -1.40797655
-0.20817673 -0.87966341 -1.41955593
-0.20668708 -0.90928406 -1.43234899
-0.20499506 -0.93959396 -1.44520796
-0.20407504 -0.96945466 -1.45432746
-0.20316179 -0.99832935 -1.45795491
-0.20217824 -1.02725001 -1.46067589
-0.20107238 -1.05646137 -1.46755268
-0.20017710 -1.08640219 -1.48186615
-0.19796892 -1.11686036 -1.49878335
-0.23039292 0.64341729 -1.56031097
-0.23037260 0.60795910 -1.52362949
-0.23008988 0.57448905 -1.49602384
-0.22932389 0.54197515 -1.47523454
-0.22864918 0.50923379 -1.45618721
-0.22795873 0.47726116 -1.43913150
-0.22698940 0.44518223 -1.42216440
-0.22634546 0.41350312 -1.40544130
-0.22559636 0.38152509 -1.38812398
-0.22515227 0.34971010 -1.36940836
-0.22465411 0.31797810 -1.34970710
-0.22409613 0.28558571 -1.32729521
-0.22345351 0.25402528 -1.30629503
-0.22314046 0.22243379 -1.28547728
-0.22236763 0.19108098 -1.26687162
-0.22160612 0.16054250 -1.25461042
-0.22101555 0.13027586 -1.24622123
-0.21954433 0.10148351 -1.25634914
-0.21711676 0.07386608 -1.28534476
-0.21487548 0.04455907 -1.31138990
-0.21280792 0.01667875 -1.33366562
-0.21134381 -0.01230553 -1.35766672
-0.20892601 -0.04174086 -1.36693779
-0.20815690 -0.07247093 -1.35798982
-0.20724848 -0.10278212 -1.35356146
-0.20594582 -0.13250722 -1.36171337
-0.20446560 -0.16231197 -1.36868818
-0.20340818 -0.19237579 -1.37002133
-0.20214106 -0.22269353 -1.36384586
-0.20150751 -0.25323827 -1.34745109
-0.20111351 -0.28348366 -1.33102195
-0.20094605 -0.31375961 -1.31792892
-0.20021075 -0.34364791 -1.31073944
-0.19879914 -0.37341197 -1.31017379
-0.19796900 -0.40289302 -1.31547186
-0.19613120 -0.43298544 -1.32546462
-0.19462896 -0.46269377 -1.33658841
-0.19355221 -0.49239806 -1.34065476
-0.19297951 -0.52196207 -1.33328122
-0.19221957 -0.55152154 -1.32178479
-0.19123698 -0.58083562 -1.31088108
-0.19070557 -0.61001820 -1.30491594
-0.19001165 -0.63926845 -1.30643739
-0.18884553 -0.66903440 -1.32002713
-0.18613684 -0.69981914 -1.34900845
-0.18422989 -0.73008947 -1.37173822
-0.18378992 -0.75892172 -1.36816070
-0.18317722 -0.78819908 -1.36647775
-0.18198001 -0.81780372 -1.37321346
-0.18075568 -0.84738044 -1.38340081
-0.17922607 -0.87719451 -1.39579724
-0.17782538 -0.90672379 -1.40850242
-0.17653639 -0.93706686 -1.42063040
-0.17565456 -0.96632240 -1.42655130
-0.17493335 -0.99489821 -1.42687472
-0.17410014 -1.02360547 -1.42706352
-0.17319336 -1.05240366 -1.43025715
-0.17219230 -1.08158634 -1.43882605
-0.17101607 -1.11147022 -1.45562274
-0.20071251 0.67620688 -1.56807533
-0.20084719 0.64093886 -1.53064395
-0.20078991 0.60589152 -1.49679138
-0.20038629 0.57292400 -1.47178759
-0.19983244 0.54067586 -1.45244579
-0.19900929 0.50786904 -1.43402410
-0.19828346 0.47621998 -1.41805369
-0.19774069 0.44435665 -1.40165756
-0.19693265 0.41276368 -1.38537724
-0.19635478 0.38083801 -1.36791435
-0.19593541 0.34902186 -1.34882931
-0.19541986 0.31724247 -1.32832618
-0.19501853 0.28495177 -1.30628738
-0.19449706 0.25354908 -1.28605634
-0.19408809 0.22219106 -1.26680656
-0.19347639 0.19116590 -1.25110128
-0.19271247 0.16078368 -1.24010458
-0.19183083 0.13073892 -1.23348361
-0.18991015 0.10241059 -1.24838660
-0.18759829 0.07479568 -1.28056223
-0.18497191 0.04583460 -1.31102507
-0.18262190 0.01810451 -1.33561928
-0.18042200 -0.01093387 -1.35548775
-0.17901288 -0.04076323 -1.36192535
-0.17842822 -0.07126196 -1.35614829
-0.17771779 -0.10163047 -1.35207199
-0.17563411 -0.13136190 -1.35757302
-0.17460684 -0.16129030 -1.36052600
-0.17358574 -0.19145211 -1.35695075
-0.17301842 -0.22215383 -1.34495470
-0.17270653 -0.25242253 -1.32959354
-0.17203322 -0.28254747 -1.31571766
-0.17184789 -0.31274441 -1.30598609
-0.17073843 -0.34251420 -1.30248487
-0.16954233 -0.37224817 -1.30438086
-0.16824652 -0.40174691 -1.31232225
-0.16636796 -0.43179565 -1.32292732
-0.16528417 -0.46148733 -1.32785986
-0.16486111 -0.49110732 -1.32212789
-0.16426508 -0.52049555 -1.30931902
-0.16371850 -0.54994688 -1.29676287
-0.16363609 -0.57900543 -1.28583516
-0.16274976 -0.60836098 -1.28005008
-0.16167226 -0.63741570 -1.28059569
-0.16034654 -0.66720543 -1.29235899
-0.15775197 -0.69767422 -1.32133596
-0.15602460 -0.72797554 -1.34391635
-0.15597394 -0.75634179 -1.33524498
-0.15537768 -0.78533776 -1.33131254
-0.15376950 -0.81510572 -1.34124979
-0.15250047 -0.84484428 -1.35594172
-0.15082730 -0.87464191 -1.37141595
-0.14945843 -0.90415092 -1.38520753
-0.14823572 -0.93459442 -1.39671104
-0.14722235 -0.96341114 -1.40105570
-0.14669890 -0.99190965 -1.39957964
-0.14618612 -1.02019733 -1.39733615
-0.14527807 -1.04890074 -1.39918767
-0.14411899 -1.07782798 -1.40647469
-0.14341943 -1.10736261 -1.42094017
-0.14141525 -1.13769531 -1.44447712
-0.17110358 0.67405139 -1.54147266
-0.17138261 0.63905371 -1.50584492
-0.17114096 0.60470267 -1.47462607
-0.17075138 0.57162586 -1.45086772
-0.17015971 0.53977271 -1.43295686
-0.16959671 0.50706220 -1.41525609
-0.16884688 0.47559167 -1.39987721
-0.16826472 0.44369097 -1.38337972
-0.16769115 0.41210636 -1.36721342
-0.16715900 0.38028512 -1.34942444
-0.16675229 0.34846255 -1.32978082
-0.16633814 0.31664374 -1.30903620
-0.16594121 0.28461622 -1.28754195
-0.16567653 0.25323989 -1.26784076
-0.16520521 0.22214570 -1.25034486
-0.16462364 0.19122887 -1.23628818
-0.16393981 0.16100377 -1.22575999
-0.16290194 0.13100136 -1.22065793
-0.16074523 0.10328804 -1.23848470
-0.15797698 0.07550955 -1.27448401
-0.15473839 0.04707647 -1.31111447
-0.15268262 0.01936909 -1.33726324
-0.15047584 -0.00970726 -1.35721514
-0.14900625 -0.03921048 -1.36601614
-0.14814469 -0.06985428 -1.35785581
-0.14745758 -0.10034557 -1.35185933
-0.14592265 -0.13021517 -1.35321672
-0.14540959 -0.16038105 -1.34960342
-0.14468580 -0.19087561 -1.33900299
-0.14413084 -0.22136822 -1.32569703
-0.14374922 -0.25159480 -1.31279099
-0.14308517 -0.28165246 -1.30105121
-0.14248251 -0.31173017 -1.29459013
-0.14115283 -0.34139708 -1.29392321
-0.14002219 -0.37107537 -1.29917595
-0.13855922 -0.40056720 -1.30844711
-0.13729637 -0.43054234 -1.31524861
-0.13655258 -0.46029237 -1.31228877
-0.13602998 -0.48978017 -1.30059785
-0.13569962 -0.51909694 -1.28633503
-0.13527847 -0.54850213 -1.27316941
-0.13539865 -0.57757789 -1.26160572
-0.13485000 -0.60661173 -1.25459051
-0.13382089 -0.63557753 -1.25426272
-0.13216895 -0.66533518 -1.26622561
-0.12969539 -0.69544628 -1.29285591
-0.12811170 -0.72530794 -1.30949841
-0.12775128 -0.75364170 -1.30033328
-0.12742131 -0.78259275 -1.29616726
-0.12595222 -0.81205262 -1.30657764
-0.12449711 -0.84213914 -1.32629238
-0.12264207 -0.87215484 -1.34675828
-0.12128095 -0.90170215 -1.36313197
-0.11974095 -0.93216115 -1.37534415
-0.11888284 -0.96068296 -1.37810292
-0.11862293 -0.98889784 -1.37462065
-0.11824712 -1.01710322 -1.37162069
-0.11740932 -1.04576039 -1.37367377
-0.11629076 -1.07463273 -1.38088074
-0.11471099 -1.10397006 -1.39466540
-0.11362542 -1.13416162 -1.41724358
-0.11097372 -1.16560863 -1.45053519
-0.14142544 0.70708175 -1.55378785
-0.14148183 0.67260544 -1.51935818
-0.14164608 0.63758935 -1.48475541
-0.14146164 0.60362960 -1.45534785
-0.14098873 0.57091739 -1.43353466
-0.14059106 0.53921427 -1.41644788
-0.14023774 0.50657450 -1.39946152
-0.13942729 0.47511667 -1.38402910
-0.13900185 0.44333716 -1.36734990
-0.13834456 0.41171897 -1.35121413
-0.13784149 0.38001119 -1.33323351
-0.13748811 0.34821285 -1.31351797
-0.13727726 0.31631631 -1.29228130
-0.13701762 0.28434726 -1.27056785
-0.13660510 0.25309084 -1.25172342
-0.13627729 0.22220427 -1.23556008
-0.13564914 0.19137963 -1.22231925
-0.13487780 0.16114743 -1.21157510
-0.13395027 0.13139531 -1.20926437
-0.13216299 0.10399885 -1.22700928
-0.12886454 0.07573566 -1.26474685
-0.12528424 0.04822681 -1.30863430
-0.12264563 0.02076467 -1.33811536
-0.12055098 -0.00816045 -1.36208423
-0.11819948 -0.03714610 -1.37625482
-0.11762775 -0.06844686 -1.36143601
-0.11731792 -0.09916999 -1.34971334
-0.11637394 -0.12928891 -1.34395021
-0.11624712 -0.15978068 -1.33169213
-0.11570725 -0.19045905 -1.31771917
-0.11526199 -0.22067847 -1.30488439
-0.11494467 -0.25078667 -1.29285258
-0.11425226 -0.28083071 -1.28294045
-0.11308996 -0.31077854 -1.27965245
-0.11206877 -0.34036342 -1.28206270
-0.11037739 -0.36991975 -1.28724295
-0.10936894 -0.39940063 -1.29296856
-0.10837977 -0.42952556 -1.29843774
-0.10761462 -0.45907329 -1.29304985
-0.10707077 -0.48838259 -1.27991700
-0.10725958 -0.51771703 -1.26483530
-0.10712776 -0.54698838 -1.25052277
-0.10689246 -0.57601890 -1.23858791
-0.10679011 -0.60490955 -1.23102560
-0.10579912 -0.63383033 -1.23074074
-0.10375823 -0.66350788 -1.24433427
-0.10152995 -0.69357192 -1.27035191
-0.10045981 -0.72303674 -1.28139197
-0.10010541 -0.75132180 -1.27067776
-0.09980196 -0.78005732 -1.26603922
-0.09837837 -0.80914565 -1.27508345
-0.09660537 -0.83953579 -1.29853760
-0.09446507 -0.86978058 -1.32451438
-0.09264915 -0.89949701 -1.34421914
-0.09106211 -0.92997234 -1.35724136
-0.09082701 -0.95830166 -1.35887378
-0.09039915 -0.98633775 -1.35401194
-0.08996110 -1.01440637 -1.35053544
-0.08928144 -1.04312859 -1.35321582
-0.08799563 -1.07196177 -1.36103570
-0.08688190 -1.10123464 -1.37452716
-0.08557513 -1.13125609 -1.39621342
-0.08291899 -1.16246835 -1.43034920
-0.11177508 0.70565737 -1.53157666
-0.11185359 0.67119300 -1.49978200
-0.11207531 0.63671598 -1.46717105
-0.11200196 0.60303201 -1.43928721
-0.11165287 0.57044662 -1.41836104
-0.11109392 0.53869996 -1.40156639
-0.11059663 0.50629574 -1.38522760
-0.11001065 0.47493389 -1.37002605
-0.10959330 0.44320356 -1.35334868
-0.10906856 0.41157949 -1.33701179
-0.10855650 0.37985682 -1.31877536
-0.10839181 0.34810110 -1.29881036
-0.10831942 0.31623860 -1.27752514
-0.10809681 0.28427852 -1.25606730
-0.10774716 0.25329154 -1.23818334
-0.10730756 0.22242175 -1.22268097
-0.10664190 0.19172937 -1.21024105
-0.10606498 0.16151431 -1.20056017
-0.10502735 0.13212867 -1.20124016
-0.10260824 0.10460824 -1.21822601
-0.09934341 0.07605257 -1.25409587
-0.09548248 0.04939546 -1.30237257
-0.09287883 0.02196301 -1.33516755
-0.09048470 -0.00691123 -1.35879807
-0.08751682 -0.03593193 -1.37387832
-0.08742429 -0.06714101 -1.35945367
-0.08710736 -0.09804910 -1.34226424
-0.08733338 -0.12871218 -1.32562591
-0.08747882 -0.15937832 -1.30539656
-0.08717779 -0.18999775 -1.28858537
-0.08682797 -0.22031044 -1.27404100
-0.08693766 -0.25035697 -1.26196300
-0.08608812 -0.28022345 -1.25520665
-0.08491489 -0.30986193 -1.25136907
-0.08525899 -0.33946163 -1.23071353
-0.08625324 -0.36921485 -1.20628110
-0.08522252 -0.39891889 -1.20910394
-0.08220553 -0.42834449 -1.24013597
-0.07942949 -0.45804342 -1.26251017
-0.07882866 -0.48711623 -1.25745556
-0.07917500 -0.51631749 -1.24144583
-0.07918069 -0.54550443 -1.22624845
-0.07905067 -0.57432040 -1.21556383
-0.07860604 -0.60323438 -1.20948801
-0.07769792 -0.63225698 -1.21076180
-0.07605716 -0.66187720 -1.22499706
-0.07380189 -0.69186894 -1.25045123
-0.07221380 -0.72108970 -1.25942828
-0.07230786 -0.74923853 -1.24723092
-0.07203840 -0.77789984 -1.24230208
-0.07116870 -0.80685839 -1.25037471
-0.06932830 -0.83696889 -1.27521649
-0.06600397 -0.86792459 -1.30741809
-0.06408564 -0.89769868 -1.33082588
-0.06270116 -0.92802188 -1.34337534
-0.06231759 -0.95613572 -1.34327717
-0.06206690 -0.98416937 -1.33743188
-0.06167673 -1.01214407 -1.33408512
-0.06084815 -1.04083978 -1.33708849
-0.05999269 -1.06952905 -1.34497210
-0.05844543 -1.09880700 -1.35882083
-0.05697493 -1.12875510 -1.38010573
-0.05442407 -1.15977616 -1.41308780
-0.08171474 0.73966113 -1.54680521
-0.08223782 0.70444942 -1.51175315
-0.08237946 0.67052496 -1.48318550
-0.08254933 0.63613204 -1.45211524
-0.08256947 0.60267391 -1.42519866
-0.08224440 0.57011070 -1.40481243
-0.08166895 0.53851924 -1.38842748
-0.08111411 0.50620982 -1.37221599
-0.08046038 0.47491886 -1.35749729
-0.08014604 0.44322485 -1.34118368
-0.07969756 0.41163015 -1.32447281
-0.07949085 0.37983286 -1.30559162
-0.07930165 0.34811968 -1.28546166
-0.07918220 0.31628647 -1.26447173
-0.07910698 0.28453733 -1.24351611
-0.07884781 0.25348455 -1.22592365
-0.07848692 0.22279925 -1.21160478
-0.07775431 0.19222381 -1.20052584
-0.07692284 0.16227067 -1.19347292
-0.07577053 0.13304290 -1.19482639
-0.07373215 0.10494560 -1.20840229
-0.07032825 0.07639459 -1.24034766
-0.06632663 0.04999205 -1.28928550
-0.06307483 0.02274333 -1.32721766
-0.06069335 -0.00627435 -1.34832633
-0.05928361 -0.03582452 -1.35544810
-0.05869582 -0.06665478 -1.34232672
-0.05891498 -0.09773955 -1.31900194
-0.05944838 -0.12886365 -1.29044891
-0.06004441 -0.15964951 -1.26312999
-0.05983401 -0.19038176 -1.24209945
-0.05996719 -0.22034622 -1.22669092
-0.05984803 -0.25016585 -1.21554860
-0.05905197 -0.27969114 -1.20549856
-0.06056185 -0.30977445 -1.17149920
-0.06362109 -0.33987532 -1.11898432
-0.06338262 -0.36915570 -1.10383150
-0.06066616 -0.39824934 -1.13070214
-0.05634648 -0.42711682 -1.18178088
-0.05230644 -0.45657992 -1.22561414
-0.05106787 -0.48571725 -1.23006552
-0.05122449 -0.51479125 -1.21420380
-0.05151198 -0.54400485 -1.20137497
-0.05136872 -0.57287051 -1.19326618
-0.05092385 -0.60163229 -1.18949454
-0.04981339 -0.63083481 -1.19319821
-0.04807851 -0.66020104 -1.20703406
-0.04512590 -0.69015331 -1.23144869
-0.04402726 -0.71932500 -1.24233289
-0.04447008 -0.74737127 -1.22987666
-0.04424745 -0.77609731 -1.22484859
-0.04301447 -0.80497398 -1.23249481
-0.04110046 -0.83472308 -1.25677243
-0.03768486 -0.86636647 -1.29536930
-0.03525375 -0.89630645 -1.32310213
-0.03392030 -0.92633966 -1.33364871
-0.03378209 -0.95420201 -1.33037123
-0.03357742 -0.98212910 -1.32370786
-0.03317717 -1.01017033 -1.32151745
-0.03250058 -1.03877341 -1.32493501
-0.03182963 -1.06751030 -1.33279137
-0.03020211 -1.09673692 -1.34652137
-0.02847482 -1.12658314 -1.36730895
-0.02597771 -1.15742492 -1.39885654
-0.02243706 -1.19045559 -1.44518484
-0.05255766 0.73788253 -1.52609356
-0.05254265 0.70357048 -1.49455944
-0.05277803 0.66972381 -1.46726550
-0.05288689 0.63565484 -1.43809365
-0.05287206 0.60248737 -1.41279703
-0.05274142 0.57008168 -1.39283382
-0.05220903 0.53845528 -1.37648025
-0.05181992 0.50617865 -1.36041643
-0.05120506 0.47486984 -1.34564830
-0.05068722 0.44345328 -1.33009606
-0.05033075 0.41180335 -1.31340483
-0.05029767 0.37995534 -1.29401369
-0.04997488 0.34837854 -1.27421752
-0.05003314 0.31657113 -1.25345840
-0.05006193 0.28485321 -1.23293004
-0.04980777 0.25384106 -1.21576520
-0.04943451 0.22326207 -1.20251447
-0.04871209 0.19297843 -1.19356993
-0.04790471 0.16321417 -1.18864367
-0.04660895 0.13395690 -1.18958268
-0.04489334 0.10559086 -1.19932975
-0.04208780 0.07653758 -1.22420615
-0.03839688 0.04987332 -1.26612494
-0.03404579 0.02298708 -1.30885939
-0.03154291 -0.00567047 -1.33128873
-0.03053735 -0.03567357 -1.33086413
-0.03050166 -0.06682192 -1.30795853
-0.03212856 -0.09862154 -1.26954074
-0.03364925 -0.13006517 -1.23094135
-0.03432176 -0.16073055 -1.20410139
-0.03444610 -0.19091932 -1.18288446
-0.03477407 -0.22085208 -1.16015952
-0.03534787 -0.25072460 -1.13626658
-0.03660900 -0.28081121 -1.10486863
-0.03878550 -0.31067486 -1.06529631
-0.03895182 -0.33951288 -1.04499396
-0.03677333 -0.36826316 -1.05598844
-0.03319915 -0.39708575 -1.09670870
-0.02711948 -0.42606704 -1.16159258
-0.02451306 -0.45520167 -1.19830643
-0.02363497 -0.48437006 -1.19989706
-0.02365793 -0.51345140 -1.18801076
-0.02376150 -0.54249814 -1.17996641
-0.02329827 -0.57138494 -1.17525117
-0.02261914 -0.60019963 -1.17337316
-0.02187005 -0.62929482 -1.17734739
-0.01995721 -0.65859543 -1.19016814
-0.01759258 -0.68830702 -1.21347867
-0.01574664 -0.71795491 -1.23025996
-0.01564748 -0.74598081 -1.22025837
-0.01574909 -0.77456963 -1.21439274
-0.01431629 -0.80331942 -1.22081094
-0.01270834 -0.83270624 -1.24387746
-0.00872990 -0.86501792 -1.28757318
-0.00602313 -0.89519918 -1.31927306
-0.00486559 -0.92481433 -1.32683589
-0.00503584 -0.95256248 -1.32079257
-0.00507938 -0.98033461 -1.31395622
-0.00453400 -1.00847276 -1.31230521
-0.00392854 -1.03710027 -1.31583932
-0.00313787 -1.06584030 -1.32383744
-0.00178260 -1.09492380 -1.33713579
-0.00018916 -1.12472638 -1.35781272
0.00240881 -1.15575832 -1.38971140
0.00618910 -1.18851996 -1.43647756
-0.02245145 0.77237006 -1.53525466
-0.02269700 0.73695803 -1.50963888
-0.02272509 0.70298752 -1.47974577
-0.02290438 0.66924923 -1.45330008
-0.02349731 0.63546506 -1.42591388
-0.02334996 0.60259080 -1.40181998
-0.02340267 0.57014748 -1.38175527
-0.02300802 0.53832061 -1.36503650
-0.02236702 0.50638128 -1.34974820
-0.02186549 0.47503124 -1.33493145
-0.02160977 0.44358077 -1.31935163
-0.02121680 0.41204164 -1.30339583
-0.02117684 0.38030845 -1.28457530
-0.02088515 0.34878674 -1.26516990
-0.02085789 0.31706518 -1.24524463
-0.02082853 0.28555988 -1.22613593
-0.02051961 0.25466128 -1.20992548
-0.02012369 0.22417908 -1.19732834
-0.01952790 0.19390086 -1.18891812
-0.01876576 0.16416926 -1.18428636
-0.01745639 0.13486786 -1.18513582
-0.01582171 0.10647187 -1.19244907
-0.01355548 0.07692406 -1.20961529
-0.01067766 0.04928953 -1.23642623
-0.00713666 0.02180836 -1.26852114
-0.00459195 -0.00669313 -1.28642308
-0.00433363 -0.03699697 -1.27583406
-0.00589818 -0.06904608 -1.23776962
-0.00819959 -0.10104800 -1.19263412
-0.00901140 -0.13159738 -1.16128898
-0.00930800 -0.16180261 -1.13902137
-0.01018201 -0.19188669 -1.11140016
-0.01196314 -0.22227109 -1.07518827
-0.01295110 -0.25217522 -1.04473618
-0.01329863 -0.28142116 -1.02012609
-0.01368322 -0.31027858 -1.00388968
-0.01295002 -0.33882317 -1.00317072
-0.01072575 -0.36745659 -1.01908375
-0.00765480 -0.39584297 -1.05159135
-0.00149045 -0.42492412 -1.11964047
0.00231192 -0.45406180 -1.16728465
0.00314331 -0.48301311 -1.17247948
0.00396978 -0.51207158 -1.16765436
0.00437703 -0.54116057 -1.16548883
0.00531120 -0.57004001 -1.16542445
0.00609120 -0.59886263 -1.16504193
0.00684138 -0.62790044 -1.16626237
0.00837030 -0.65699513 -1.17616956
0.01068868 -0.68666708 -1.19937137
0.01289057 -0.71661372 -1.22155078
0.01288748 -0.74471627 -1.21530249
0.01290737 -0.77330905 -1.20946424
0.01439740 -0.80200372 -1.21436436
0.01592986 -0.83107722 -1.23549510
0.02040685 -0.86378341 -1.28279756
0.02335732 -0.89420087 -1.31788411
0.02426146 -0.92355284 -1.32294053
0.02407570 -0.95106486 -1.31470492
0.02371515 -0.97898742 -1.30776790
0.02415817 -1.00705921 -1.30610122
0.02479301 -1.03555395 -1.30928824
0.02528369 -1.06427702 -1.31729869
0.02685665 -1.09345525 -1.33063505
0.02843858 -1.12312093 -1.35099456
0.03105001 -1.15419032 -1.38323501
0.03456342 -1.18691185 -1.43039036
0.00740425 0.77198907 -1.52307154
0.00683302 0.73632797 -1.49598853
0.00680053 0.70269413 -1.46736359
0.00640072 0.66908635 -1.44124059
0.00616963 0.63532389 -1.41458338
0.00609526 0.60244141 -1.39063899
0.00614440 0.57019989 -1.37120941
0.00664038 0.53840007 -1.35493449
0.00701618 0.50647420 -1.33955376
0.00749865 0.47529165 -1.32520763
0.00781452 0.44397560 -1.31039407
0.00816968 0.41252439 -1.29526213
0.00825425 0.38094046 -1.27741071
0.00843861 0.34957003 -1.25952095
0.00856400 0.31810658 -1.24163475
0.00858165 0.28677638 -1.22401086
0.00872580 0.25581939 -1.20780803
0.00919511 0.22528537 -1.19471916
0.00969295 0.19491325 -1.18556756
0.01054217 0.16514941 -1.18026277
0.01190556 0.13577400 -1.18061450
0.01305383 0.10739771 -1.18549479
0.01515167 0.07728728 -1.19641740
0.01741028 0.04902749 -1.21108466
0.01944624 0.02022858 -1.22304798
0.02028679 -0.00933520 -1.22174379
0.01970248 -0.04040675 -1.19734984
0.01776329 -0.07202137 -1.16008521
0.01664804 -0.10263203 -1.12876436
0.01608179 -0.13267361 -1.10569409
0.01580463 -0.16264467 -1.08206227
0.01457609 -0.19271649 -1.05213266
0.01372231 -0.22272239 -1.02000977
0.01279588 -0.25203459 -0.99715687
0.01271912 -0.28093768 -0.97997595
0.01265481 -0.30962124 -0.97001591
0.01361823 -0.33817732 -0.97205951
0.01573729 -0.36663194 -0.98698021
0.01856700 -0.39488736 -1.01244044
0.02270870 -0.42357088 -1.06472277
0.02901621 -0.45291284 -1.12622943
0.03115533 -0.48180472 -1.15250641
0.03220298 -0.51088187 -1.15731727
0.03328129 -0.53999674 -1.16098270
0.03439232 -0.56904830 -1.16554831
0.03499824 -0.59787207 -1.16644531
0.03557154 -0.62673490 -1.16248649
0.03636115 -0.65562046 -1.16592508
0.03915277 -0.68504781 -1.18824907
0.04190285 -0.71527914 -1.21517423
0.04196046 -0.74352601 -1.21255872
0.04207297 -0.77218907 -1.20715591
0.04305380 -0.80085687 -1.21094968
0.04473676 -0.82974870 -1.23000683
0.04927487 -0.86242655 -1.27817238
0.05291653 -0.89307628 -1.31610154
0.05332073 -0.92250086 -1.32124977
0.05303044 -0.94985809 -1.31176950
0.05282915 -0.97767072 -1.30417675
0.05283126 -1.00573448 -1.30232176
0.05367188 -1.03434730 -1.30603916
0.05456232 -1.06306108 -1.31418918
0.05582566 -1.09214744 -1.32723281
0.05748025 -1.12176254 -1.34702256
0.05976969 -1.15282281 -1.37894400
0.06360329 -1.18539392 -1.42564975
0.03749918 0.77184823 -1.51365163
0.03661248 0.73624491 -1.48507668
0.03659311 0.70264098 -1.45715511
0.03600743 0.66907271 -1.43084294
0.03576871 0.63538776 -1.40445677
0.03560036 0.60271129 -1.38158862
0.03574286 0.57061281 -1.36310817
0.03616177 0.53889644 -1.34731794
0.03650659 0.50692707 -1.33174601
0.03689301 0.47579010 -1.31766675
0.03722495 0.44454235 -1.30338641
0.03749166 0.41314321 -1.28875876
0.03784838 0.38173895 -1.27233799
0.03797537 0.35060707 -1.25628924
0.03815515 0.31942117 -1.24032960
0.03812764 0.28807994 -1.22350773
0.03828969 0.25708242 -1.20671390
0.03852192 0.22639073 -1.19254622
0.03900809 0.19597195 -1.18256847
0.03975756 0.16615904 -1.17676857
0.04099955 0.13682021 -1.17560694
0.04222476 0.10808072 -1.17792197
0.04408324 0.07771887 -1.18546658
0.04588596 0.04917766 -1.19326336
0.04694234 0.01989775 -1.19379921
0.04688041 -0.01045035 -1.17996577
0.04610767 -0.04149818 -1.15345720
0.04482337 -0.07223771 -1.12486781
0.04390974 -0.10240390 -1.10003107
0.04320803 -0.13257276 -1.07599558
0.04230132 -0.16270481 -1.04957804
0.04137347 -0.19246120 -1.02105902
0.04035627 -0.22219789 -0.99456117
0.03962186 -0.25136129 -0.97413768
0.03941918 -0.28024853 -0.95873967
0.03970896 -0.30873055 -0.95026060
0.04074771 -0.33741964 -0.95194178
0.04254428 -0.36565108 -0.96390789
0.04473427 -0.39394768 -0.98388883
0.04775270 -0.42222044 -1.01875798
0.05434185 -0.45133777 -1.08164772
0.05948781 -0.48071838 -1.13756699
0.06116663 -0.50988529 -1.15563077
0.06248717 -0.53891467 -1.16306130
0.06376276 -0.56806742 -1.16925974
0.06475894 -0.59700709 -1.17043499
0.06465439 -0.62564352 -1.16264183
0.06465637 -0.65424455 -1.15973312
0.06724054 -0.68374356 -1.17974818
0.07113174 -0.71409127 -1.20974384
0.07116328 -0.74249446 -1.21083810
0.07093722 -0.77108355 -1.20537583
0.07215090 -0.79975000 -1.20864055
0.07359826 -0.82852341 -1.22639611
0.07826544 -0.86105025 -1.27361943
0.08165279 -0.89190933 -1.31362434
0.08267070 -0.92160088 -1.32202846
0.08227896 -0.94907769 -1.31342947
0.08184665 -0.97670956 -1.30478999
0.08189862 -1.00470535 -1.30182622
0.08255880 -1.03335284 -1.30527001
0.08363503 -1.06196744 -1.31302930
0.08492520 -1.09128730 -1.32653693
0.08674974 -1.12078269 -1.34624978
0.08917874 -1.15172527 -1.37788664
0.09337246 -1.18445281 -1.42447842
0.06795482 0.77256462 -1.50724976
0.06651470 0.73645560 -1.47736921
0.06661480 0.70332188 -1.45067494
0.06597735 0.66951071 -1.42388170
0.06548096 0.63583967 -1.39722846
0.06535953 0.60327871 -1.37511339
0.06559965 0.57129392 -1.35730223
0.06584187 0.53954491 -1.34176810
0.06608161 0.50777701 -1.32684335
0.06645994 0.47671393 -1.31322265
0.06696392 0.44536953 -1.29869821
0.06712575 0.41407820 -1.28437069
0.06733159 0.38273772 -1.26878183
0.06775199 0.35173466 -1.25387207
0.06768539 0.32058465 -1.23883628
0.06780988 0.28932800 -1.22226452
0.06772411 0.25824317 -1.20513520
0.06782111 0.22753942 -1.19048163
0.06824177 0.19698877 -1.17958470
0.06901688 0.16716124 -1.17320113
0.07004444 0.13762674 -1.17058261
0.07125051 0.10887148 -1.17180649
0.07287412 0.07832849 -1.17748097
0.07446893 0.04973438 -1.18215683
0.07571245 0.02034998 -1.17890573
0.07521892 -0.01008087 -1.16271477
0.07412592 -0.04094021 -1.13840763
0.07332635 -0.07149342 -1.11305212
0.07256099 -0.10159022 -1.08969480
0.07161036 -0.13179404 -1.06488363
0.07024917 -0.16198673 -1.03667382
0.06934958 -0.19184095 -1.00802090
0.06826209 -0.22127607 -0.98353348
0.06752384 -0.25047414 -0.96401081
0.06722547 -0.27941535 -0.94937911
0.06768198 -0.30772421 -0.94251679
0.06850079 -0.33630170 -0.94357917
0.07003510 -0.36456717 -0.95338696
0.07194194 -0.39284669 -0.97241926
0.07598436 -0.42126784 -1.00483327
0.08163297 -0.45025043 -1.06594932
0.08785262 -0.47959675 -1.12871981
0.09020779 -0.50867339 -1.15174541
0.09153732 -0.53777716 -1.15994539
0.09294498 -0.56684957 -1.16540328
0.09396464 -0.59576019 -1.16594242
0.09330450 -0.62452190 -1.15840701
0.09360193 -0.65309296 -1.15641630
0.09588278 -0.68255476 -1.17480969
0.09946546 -0.71275150 -1.20470664
0.10028152 -0.74135842 -1.20945382
0.09984719 -0.76996342 -1.20334435
0.10103388 -0.79854013 -1.20603521
0.10247067 -0.82732975 -1.22331794
0.10720357 -0.85968215 -1.26925715
0.11105237 -0.89068227 -1.31088104
0.11254199 -0.92087031 -1.32492784
0.11204909 -0.94863951 -1.31988977
0.11184940 -0.97628959 -1.31116000
0.11164538 -1.00410522 -1.30667782
0.11212898 -1.03264351 -1.30880366
0.11282292 -1.06118471 -1.31528223
0.11380343 -1.09034975 -1.32821463
0.11571271 -1.12007055 -1.34843809
0.11849174 -1.15102451 -1.38025275
0.12303744 -1.18378961 -1.42544574
0.09821469 0.77354093 -1.50205003
0.09661429 0.73730749 -1.47350708
0.09643336 0.70429197 -1.44707022
0.09601672 0.67047007 -1.42018931
0.09553708 0.63672116 -1.39333071
0.09543529 0.60425497 -1.37139025
0.09540062 0.57234324 -1.35401666
0.09556593 0.54049911 -1.33828865
0.09592173 0.50876893 -1.32355702
0.09636811 0.47781683 -1.31038505
0.09649625 0.44641569 -1.29562520
0.09683844 0.41507172 -1.28130228
0.09701936 0.38387756 -1.26640394
0.09727562 0.35288935 -1.25205599
0.09727767 0.32175200 -1.23699640
0.09715318 0.29041123 -1.22020862
0.09719191 0.25940059 -1.20329355
0.09710558 0.22874637 -1.18909094
0.09744331 0.19806882 -1.17788590
0.09832086 0.16827977 -1.17135021
0.09917597 0.13872602 -1.16854495
0.10057151 0.11006722 -1.17000405
0.10206065 0.07955641 -1.17560045
0.10360532 0.05088265 -1.18012625
0.10462568 0.02138820 -1.17644010
0.10443489 -0.00894104 -1.16066536
0.10350387 -0.03984416 -1.13676347
0.10239176 -0.07036228 -1.11198661
0.10161007 -0.10032841 -1.09065943
0.10054150 -0.13043458 -1.06803676
0.09921699 -0.16058038 -1.04056695
0.09782455 -0.19059184 -1.01025051
0.09655803 -0.22014431 -0.98374673
0.09604321 -0.24933959 -0.96361610
0.09576623 -0.27827654 -0.94932346
0.09571670 -0.30669068 -0.94258593
0.09679942 -0.33515575 -0.94397826
0.09854787 -0.36348017 -0.95420253
0.10084747 -0.39176535 -0.97321874
0.10440583 -0.42011923 -1.00836437
0.11032292 -0.44940146 -1.07230104
0.11672427 -0.47839438 -1.12692466
0.11841620 -0.50742605 -1.14305518
0.11951201 -0.53650487 -1.14903238
0.12077746 -0.56552403 -1.15379499
0.12173191 -0.59437968 -1.15477630
0.12185670 -0.62318952 -1.15131599
0.12273879 -0.65212400 -1.15569440
0.12511833 -0.68143453 -1.17455230
0.12853065 -0.71169699 -1.20444687
0.12920573 -0.74046858 -1.21068349
0.12915901 -0.76892200 -1.20360515
0.12977125 -0.79756012 -1.20560055
0.13077307 -0.82635398 -1.22182192
0.13574378 -0.85826207 -1.26465368
0.14003703 -0.88938974 -1.30723295
0.14226931 -0.92004309 -1.32750585
0.14252735 -0.94820248 -1.32873992
0.14209427 -0.97611748 -1.32161932
0.14180080 -1.00397027 -1.31643546
0.14227228 -1.03251632 -1.31758626
0.14255044 -1.06091367 -1.32248022
0.14366277 -1.09004326 -1.33423571
0.14519547 -1.11970387 -1.35408226
0.14863063 -1.15065240 -1.38490520
0.15206048 -1.18303016 -1.42743241
0.12866631 0.77449968 -1.49859037
0.12705021 0.73873157 -1.47220734
0.12682276 0.70556707 -1.44572450
0.12615413 0.67172769 -1.41863119
0.12563609 0.63809166 -1.39217529
0.12525812 0.60547297 -1.36981499
0.12542719 0.57352608 -1.35226235
0.12542515 0.54176799 -1.33654244
0.12561581 0.50992238 -1.32139273
0.12590977 0.47883016 -1.30770755
0.12614396 0.44752230 -1.29319096
0.12649823 0.41627638 -1.27945155
0.12667873 0.38505951 -1.26485727
0.12684403 0.35408830 -1.25043090
0.12681936 0.32286529 -1.23512516
0.12676239 0.29157477 -1.21825897
0.12645758 0.26055838 -1.20159090
0.12675921 0.23002944 -1.18847727
0.12717579 0.19957542 -1.17879879
0.12786050 0.16970322 -1.17296522
0.12897596 0.14032346 -1.17166053
0.13038133 0.11171227 -1.17440017
0.13216785 0.08140196 -1.18136660
0.13394363 0.05249959 -1.18715244
0.13502747 0.02315549 -1.18593984
0.13492235 -0.00702945 -1.17356155
0.13368312 -0.03793156 -1.15036773
0.13275858 -0.06861965 -1.12453622
0.13212449 -0.09867371 -1.10381152
0.13140064 -0.12853135 -1.08520169
0.13019017 -0.15861556 -1.06166797
0.12841607 -0.18863672 -1.02966876
0.12625009 -0.21867027 -0.99696429
0.12528788 -0.24800276 -0.97357661
0.12458090 -0.27689771 -0.95813033
0.12475621 -0.30534298 -0.94990534
0.12575339 -0.33394250 -0.95181272
0.12766532 -0.36240859 -0.96383214
0.13011597 -0.39042199 -0.98679148
0.13617651 -0.41938486 -1.04270589
0.14403364 -0.44837547 -1.10818146
0.14659858 -0.47715085 -1.13758501
0.14758835 -0.50634571 -1.14366043
0.14834565 -0.53536235 -1.14565562
0.14905438 -0.56432523 -1.14742623
0.15012575 -0.59314564 -1.14883997
0.15060477 -0.62211170 -1.15019926
0.15213490 -0.65130476 -1.15877565
0.15401275 -0.68046602 -1.17790282
0.15785953 -0.71085942 -1.20893686
0.15859107 -0.73965260 -1.21596153
0.15822722 -0.76806667 -1.20749006
0.15908327 -0.79671085 -1.20899555
0.16105055 -0.82569359 -1.22526844
0.16516921 -0.85712199 -1.26420043
0.16920435 -0.88823006 -1.30522002
0.17168532 -0.91922550 -1.33042742
0.17268378 -0.94797762 -1.33798816
0.17245601 -0.97606737 -1.33369750
0.17198965 -1.00400641 -1.32855354
0.17212343 -1.03246603 -1.32864177
0.17271498 -1.06090007 -1.33275333
0.17386866 -1.08994142 -1.34384216
0.17548020 -1.11973404 -1.36298958
0.17822870 -1.15031296 -1.39198662
0.18152794 -1.18267285 -1.43206321
0.15907570 0.77563962 -1.49932599
0.15751310 0.74011365 -1.47241916
0.15730957 0.70711302 -1.44623531
0.15656299 0.67305200 -1.41869290
0.15586178 0.63954404 -1.39234702
0.15539772 0.60677518 -1.36955486
0.15549207 0.57489314 -1.35163782
0.15560065 0.54314610 -1.33590138
0.15558154 0.51115594 -1.32016815
0.15580437 0.47999564 -1.30599652
0.15600716 0.44867773 -1.29169675
0.15627357 0.41752697 -1.27863584
0.15647581 0.38636677 -1.26412900
0.15644500 0.35533715 -1.24906364
0.15621632 0.32397966 -1.23292802
0.15610467 0.29269881 -1.21595437
0.15596627 0.26167653 -1.19930916
0.15612599 0.23112703 -1.18653422
0.15683193 0.20088932 -1.17870092
0.15765354 0.17129293 -1.17506919
0.15887688 0.14192717 -1.17567542
0.16038477 0.11340591 -1.18035648
0.16252360 0.08334765 -1.19008347
0.16461263 0.05459798 -1.20050272
0.16645597 0.02570579 -1.20835884
0.16748966 -0.00391071 -1.20914139
0.16688887 -0.03440623 -1.19500210
0.16548689 -0.06543993 -1.16851998
0.16409028 -0.09606520 -1.14054998
0.16374683 -0.12595316 -1.12070311
0.16315205 -0.15592887 -1.10245039
0.16173714 -0.18596142 -1.07453830
0.15860835 -0.21635967 -1.03649079
0.15615268 -0.24618065 -1.00436982
0.15528606 -0.27527480 -0.98285611
0.15519004 -0.30397669 -0.97024611
0.15603088 -0.33254440 -0.97055841
0.15835273 -0.36110080 -0.98529331
0.16186831 -0.38908777 -1.02144399
0.17136215 -0.41841792 -1.09555668
0.17549588 -0.44692761 -1.14132285
0.17707341 -0.47622819 -1.15520345
0.17822290 -0.50535815 -1.15726715
0.17836024 -0.53440680 -1.15571113
0.17908875 -0.56339262 -1.15453763
0.17955371 -0.59220247 -1.15443004
0.18040821 -0.62126501 -1.15690190
0.18174231 -0.65042897 -1.16660665
0.18431366 -0.67976613 -1.18634022
0.18824982 -0.71022285 -1.21858562
0.18884631 -0.73908221 -1.22688905
0.18855715 -0.76742122 -1.21761537
0.18911070 -0.79611579 -1.21807431
0.19086989 -0.82535417 -1.23468541
0.19482209 -0.85640120 -1.26983329
0.19862984 -0.88729487 -1.30739100
0.20140414 -0.91851120 -1.33490780
0.20297826 -0.94762950 -1.34688587
0.20304996 -0.97607346 -1.34608501
0.20279840 -1.00409178 -1.34189462
0.20294665 -1.03251420 -1.34115358
0.20308078 -1.06105211 -1.34510439
0.20416924 -1.09020080 -1.35621573
0.20612400 -1.11991372 -1.37496220
0.20886564 -1.15057059 -1.40355314
0.21282314 -1.18303509 -1.44255022
0.18999569 0.77740487 -1.50526570
0.18865583 0.74222322 -1.47551335
0.18833859 0.70905476 -1.44932369
0.18712861 0.67501303 -1.42175913
0.18621127 0.64133168 -1.39476532
0.18585303 0.60852406 -1.37122581
0.18545248 0.57626655 -1.35208539
0.18546040 0.54455680 -1.33598702
0.18557461 0.51258765 -1.32044695
0.18590900 0.48151597 -1.30674542
0.18593389 0.45014726 -1.29239753
0.18623560 0.41900828 -1.27938161
0.18601042 0.38775655 -1.26437043
0.18595314 0.35644469 -1.24779334
0.18586342 0.32504312 -1.23050218
0.18550148 0.29360327 -1.21249082
0.18515826 0.26257062 -1.19565366
0.18535387 0.23210482 -1.18346952
0.18600291 0.20200846 -1.17651437
0.18709832 0.17243638 -1.17368750
0.18831110 0.14308000 -1.17489974
0.19011757 0.11460426 -1.18078161
0.19251307 0.08495930 -1.19454466
0.19558248 0.05679297 -1.21556522
0.19920549 0.02899579 -1.24270838
0.20348170 0.00087489 -1.26696910
0.20519663 -0.02856614 -1.27277703
0.20474248 -0.05919587 -1.25497365
0.20135000 -0.09114421 -1.21749809
0.19876204 -0.12236746 -1.18156644
0.19758012 -0.15282581 -1.15792474
0.19727183 -0.18270697 -1.13865143
0.19601637 -0.21264013 -1.11263388
0.19300584 -0.24290628 -1.08035779
0.18957452 -0.27286266 -1.04616896
0.18712413 -0.30228913 -1.01313298
0.18756128 -0.33096177 -1.00152106
0.18997659 -0.35965580 -1.01600920
0.19514003 -0.38813281 -1.05908328
0.20383877 -0.41693349 -1.12629416
0.20665757 -0.44590681 -1.16322409
0.20943427 -0.47547162 -1.18284961
0.21007811 -0.50451815 -1.18224332
0.20983935 -0.53363691 -1.17608552
0.20992172 -0.56262457 -1.17183801
0.21044355 -0.59160534 -1.16965521
0.21088586 -0.62045661 -1.16941401
0.21214814 -0.64969315 -1.17746005
0.21428117 -0.67898543 -1.19688852
0.21907675 -0.70974194 -1.23123853
0.21995796 -0.73883561 -1.24380246
0.21935431 -0.76726511 -1.23523664
0.21987121 -0.79586537 -1.23490644
0.22135900 -0.82545552 -1.25175612
0.22531289 -0.85601131 -1.28321876
0.22913591 -0.88684055 -1.31674193
0.23194720 -0.91799054 -1.34334109
0.23335888 -0.94744213 -1.35754887
0.23402459 -0.97613493 -1.36004925
0.23357958 -1.00434156 -1.35729411
0.23375360 -1.03276578 -1.35691101
0.23404458 -1.06151015 -1.36165956
0.23487408 -1.09077381 -1.37278207
0.23723341 -1.12057615 -1.39190656
0.24012437 -1.15130746 -1.42068428
0.24398107 -1.18375617 -1.45945637
0.22094064 0.77966601 -1.51170774
0.21964289 0.74458808 -1.48125955
0.21889019 0.71092881 -1.45329647
0.21780696 0.67699397 -1.42569909
0.21678079 0.64330025 -1.39835371
0.21620747 0.61028367 -1.37406142
0.21591267 0.57795776 -1.35420600
0.21601505 0.54629444 -1.33787595
0.21575482 0.51417499 -1.32237056
0.21606875 0.48319184 -1.30946142
0.21612141 0.45192907 -1.29564622
0.21635299 0.42066268 -1.28193625
0.21635323 0.38936320 -1.26634164
0.21592406 0.35795570 -1.24888938
0.21569337 0.32644219 -1.23053811
0.21511531 0.29481404 -1.21136789
0.21465267 0.26375904 -1.19420403
0.21476291 0.23323105 -1.18198732
0.21532435 0.20316189 -1.17506954
0.21632831 0.17357486 -1.17238009
0.21788621 0.14434972 -1.17382332
0.21951147 0.11568262 -1.18007058
0.22182772 0.08650984 -1.19699124
0.22615555 0.05886189 -1.23055570
0.23236433 0.03239844 -1.27482500
0.23720383 0.00436446 -1.30761514
0.23951085 -0.02488046 -1.31965627
0.23940898 -0.05551872 -1.31044314
0.23855369 -0.08656802 -1.28678197
0.23587225 -0.11798297 -1.25213440
0.23317718 -0.14908328 -1.21944919
0.23167976 -0.17972663 -1.19708768
0.23149838 -0.20960746 -1.18167321
0.23122801 -0.23942892 -1.16782454
0.23071612 -0.26912831 -1.15110331
0.22739974 -0.29916600 -1.11187194
0.22114607 -0.32921615 -1.06114279
0.22170547 -0.35835307 -1.05164872
0.22538377 -0.38712672 -1.07962741
0.23122836 -0.41563944 -1.12922467
0.23735536 -0.44506837 -1.18023423
0.24191294 -0.47455618 -1.21201482
0.24201495 -0.50360657 -1.20869770
0.24145895 -0.53290075 -1.19915373
0.24134974 -0.56191251 -1.19187682
0.24150589 -0.59087137 -1.18736031
0.24190039 -0.61976664 -1.18519192
0.24261060 -0.64904789 -1.19092749
0.24449308 -0.67835393 -1.20909238
0.24924173 -0.70909561 -1.24552766
0.25248482 -0.73911348 -1.26793476
0.25204748 -0.76737578 -1.26182245
0.25185268 -0.79611240 -1.26101338
0.25388187 -0.82604392 -1.27864449
0.25725426 -0.85648654 -1.30677073
0.26051868 -0.88692329 -1.33471542
0.26294791 -0.91784761 -1.35769383
0.26446079 -0.94739748 -1.37167124
0.26527308 -0.97636198 -1.37639364
0.26528947 -1.00487265 -1.37642408
0.26544664 -1.03358930 -1.37793346
0.26596228 -1.06254692 -1.38357132
0.26655240 -1.09168346 -1.39407690
0.26880556 -1.12173778 -1.41335643
0.27149352 -1.15258170 -1.44289624
0.27563345 -1.18444285 -1.48656430
0.25224451 0.78215758 -1.51870591
0.25128415 0.74776230 -1.49025281
0.24992038 0.71307998 -1.45930893
0.24877493 0.67925909 -1.43132003
0.24749802 0.64541042 -1.40332125
0.24671038 0.61222172 -1.37841361
0.24640320 0.57989273 -1.35844845
0.24656080 0.54818690 -1.34208684
0.24623840 0.51606755 -1.32640662
0.24656598 0.48508339 -1.31379534
0.24662292 0.45389810 -1.30017979
0.24672836 0.42250042 -1.28573196
0.24655430 0.39101836 -1.26958589
0.24605414 0.35958562 -1.25183429
0.24551454 0.32801192 -1.23328573
0.24511421 0.29647293 -1.21442936
0.24453732 0.26531863 -1.19686674
0.24451317 0.23476124 -1.18379427
0.24491510 0.20443735 -1.17565382
0.24588278 0.17493101 -1.17220109
0.24711799 0.14554261 -1.17289997
0.24882251 0.11705688 -1.18054394
0.25192961 0.08823418 -1.20152530
0.25779258 0.06098164 -1.24426226
0.26386177 0.03457264 -1.29026562
0.26804953 0.00616651 -1.31886241
0.27009023 -0.02330785 -1.33169053
0.27116075 -0.05345580 -1.32872153
0.27060324 -0.08440585 -1.31240092
0.26967231 -0.11527818 -1.29121027
0.26777738 -0.14623537 -1.26456662
0.26659094 -0.17684860 -1.24377968
0.26612758 -0.20708386 -1.22878541
0.26555262 -0.23701333 -1.21773728
0.26583435 -0.26689523 -1.21239946
0.26711105 -0.29646265 -1.20687132
0.26473645 -0.32618277 -1.17627957
0.26054460 -0.35601322 -1.14406338
0.25939813 -0.38561049 -1.13928339
0.26485432 -0.41475460 -1.17523405
0.27212405 -0.44414149 -1.22311602
0.27395380 -0.47346542 -1.23886552
0.27377911 -0.50281222 -1.23116254
0.27310196 -0.53208557 -1.22150146
0.27267098 -0.56122414 -1.21248523
0.27243990 -0.59025732 -1.20651101
0.27272274 -0.61918653 -1.20436094
0.27336189 -0.64862138 -1.20879711
0.27580673 -0.67780545 -1.22468744
0.28012320 -0.70833219 -1.26078140
0.28545419 -0.73948530 -1.29661730
0.28498442 -0.76793004 -1.29614514
0.28459803 -0.79695148 -1.29569044
0.28711120 -0.82704711 -1.31249526
0.28983124 -0.85731068 -1.33493185
0.29222034 -0.88742591 -1.35653787
0.29476574 -0.91770231 -1.37543116
0.29638523 -0.94788886 -1.38949534
0.29719506 -0.97691482 -1.39611073
0.29745053 -1.00575316 -1.39909637
0.29769239 -1.03462496 -1.40260570
0.29817243 -1.06390283 -1.40938525
0.29893002 -1.09304285 -1.42014689
0.30084752 -1.12316282 -1.44045554
0.30449248 -1.15467051 -1.47884667
0.28326009 0.75095422 -1.50188454
0.28124462 0.71582687 -1.46859821
0.28005939 0.68176171 -1.43960726
0.27894213 0.64789814 -1.41089590
0.27801726 0.61459437 -1.38522262
0.27736588 0.58208897 -1.36446631
0.27729585 0.55040867 -1.34784329
0.27686590 0.51805729 -1.33169042
0.27701801 0.48701387 -1.31836435
0.27709545 0.45568883 -1.30426867
0.27706668 0.42432289 -1.29001269
0.27689525 0.39288486 -1.27424516
0.27663952 0.36151019 -1.25726624
0.27596227 0.33005282 -1.23924193
0.27526231 0.29831836 -1.21985575
0.27471171 0.26713937 -1.20190906
0.27452082 0.23642003 -1.18775653
0.27480149 0.20599937 -1.17845503
0.27554390 0.17628634 -1.17316668
0.27638956 0.14665578 -1.17175941
0.27857898 0.11834326 -1.18054410
0.28226251 0.08991922 -1.20638043
0.28851571 0.06259265 -1.25196441
0.29414195 0.03609437 -1.29317989
0.29788971 0.00747996 -1.31994765
0.30144896 -0.02143590 -1.34056496
0.30278786 -0.05140226 -1.33960156
0.30104500 -0.08306585 -1.31922776
0.30102124 -0.11341676 -1.30686102
0.29979164 -0.14416606 -1.28890047
0.29891410 -0.17486815 -1.27131406
0.29842234 -0.20510530 -1.25827302
0.29857772 -0.23507407 -1.24795229
0.29858761 -0.26499156 -1.23957248
0.29888510 -0.29499976 -1.23549981
0.29982469 -0.32454941 -1.23545939
0.30141596 -0.35404039 -1.23687285
0.30236676 -0.38349681 -1.23730396
0.30408877 -0.41343659 -1.24865245
0.30508014 -0.44302922 -1.25924859
0.30543304 -0.47251345 -1.25766571
0.30567050 -0.50186423 -1.24988604
0.30508936 -0.53127821 -1.24165557
0.30425990 -0.56058403 -1.23317480
0.30426979 -0.58965194 -1.22689021
0.30477098 -0.61873383 -1.22540005
0.30539571 -0.64812798 -1.23087856
0.30746136 -0.67757209 -1.24586150
0.31175443 -0.70781062 -1.27910588
0.31793195 -0.73957395 -1.32243261
0.31804497 -0.76851638 -1.33071714
0.31914567 -0.79814433 -1.33336211
0.32086181 -0.82791584 -1.34543240
0.32201029 -0.85764837 -1.35948151
0.32414593 -0.88760562 -1.37565561
0.32612179 -0.91759409 -1.39181335
0.32767070 -0.94820889 -1.40688608
0.32893167 -0.97743944 -1.41609459
0.32957823 -1.00670588 -1.42269313
0.33042831 -1.03591649 -1.42961105
0.33151032 -1.06552088 -1.43973975
0.33298793 -1.09531807 -1.45469714
0.33524522 -1.12600413 -1.48220501
0.31551510 0.75475304 -1.51570942
0.31324393 0.71908119 -1.48088214
0.31195627 0.68499608 -1.45118059
0.31043236 0.65087243 -1.42099070
0.30908793 0.61701912 -1.39284626
0.30819918 0.58427327 -1.37067333
0.30791484 0.55262181 -1.35385236
0.30757372 0.52011706 -1.33695728
0.30753024 0.48884952 -1.32270369
0.30748687 0.45753330 -1.30877384
0.30762418 0.42632101 -1.29551402
0.30764199 0.39495491 -1.28061748
0.30719422 0.36350470 -1.26439468
0.30689413 0.33238230 -1.24754597
0.30586844 0.30034078 -1.22758025
0.30513313 0.26909487 -1.20927918
0.30488703 0.23831858 -1.19438289
0.30499645 0.20780013 -1.18415113
0.30559530 0.17791989 -1.17816917
0.30627795 0.14819667 -1.17485319
0.30793640 0.11951543 -1.18129814
0.31193443 0.09160515 -1.21002843
0.31839676 0.06391060 -1.25353891
0.32413161 0.03702432 -1.28836626
0.32761743 0.00825785 -1.31380142
0.33147988 -0.02050453 -1.33563521
0.33237675 -0.05047251 -1.33499276
0.33068109 -0.08192891 -1.31681339
0.33141876 -0.11209815 -1.31054406
0.33167384 -0.14229653 -1.30366169
0.33105625 -0.17290608 -1.28959442
0.33033379 -0.20347391 -1.27563466
0.33015148 -0.23350418 -1.26501509
0.32981881 -0.26350822 -1.25555561
0.32969471 -0.29360881 -1.24765608
0.33040180 -0.32338823 -1.24442384
0.33094488 -0.35286488 -1.24689734
0.33246946 -0.38233219 -1.25345054
0.33447083 -0.41221566 -1.26244439
0.33613844 -0.44196646 -1.27000130
0.33676809 -0.47148794 -1.27164930
0.33686846 -0.50090765 -1.26706774
0.33625180 -0.53050278 -1.26052439
0.33568662 -0.55987532 -1.25357937
0.33563030 -0.58901092 -1.24765383
0.33617776 -0.61813112 -1.24637048
0.33775388 -0.64779807 -1.25321937
0.33966952 -0.67744112 -1.26987238
0.34426162 -0.70776377 -1.30085148
0.34992137 -0.73922480 -1.34024757
0.35126511 -0.76888660 -1.35499271
0.35196254 -0.79834597 -1.35989078
0.35308107 -0.82812147 -1.36822790
0.35384008 -0.85775715 -1.37861344
0.35587648 -0.88768609 -1.39217378
0.35760390 -0.91738308 -1.40683309
0.35952343 -0.94844290 -1.42339999
0.36075607 -0.97785917 -1.43577510
0.36213282 -1.00765752 -1.44707197
0.36310136 -1.03739130 -1.45907700
0.36493341 -1.06761483 -1.47517441
0.36741401 -1.09824698 -1.49947264
0.37183509 -1.13065464 -1.54403117
0.34509314 0.72214832 -1.49342552
0.34388103 0.68810945 -1.46295161
0.34179805 0.65378353 -1.43115156
0.33997224 0.61937147 -1.40048156
0.33890891 0.58642422 -1.37712606
0.33904491 0.55491485 -1.36053275
0.33853154 0.52235385 -1.34346449
0.33842498 0.49101761 -1.32898912
0.33824960 0.45963591 -1.31538890
0.33851410 0.42851769 -1.30268480
0.33839767 0.39715987 -1.28856125
0.33798602 0.36572400 -1.27269290
0.33766339 0.33452006 -1.25648338
0.33678151 0.30270687 -1.23797919
0.33617690 0.27147713 -1.22016096
0.33576992 0.24057849 -1.20493183
0.33563460 0.20997744 -1.19355877
0.33621470 0.17987630 -1.18668863
0.33666735 0.15013709 -1.18140516
0.33783468 0.12088623 -1.18467454
0.34290526 0.09348014 -1.21208263
0.34826227 0.06484792 -1.24938372
0.35309897 0.03778960 -1.27898661
0.35631389 0.00902184 -1.30244646
0.35923397 -0.02021277 -1.32016304
0.36066504 -0.05006749 -1.32205729
0.36035742 -0.08092129 -1.31093191
0.36079207 -0.11111425 -1.30725787
0.36206609 -0.14091450 -1.30884855
0.36257109 -0.17112427 -1.30348662
0.36212521 -0.20179581 -1.29156194
0.36107367 -0.23200411 -1.27795171
0.36080085 -0.26212634 -1.26642715
0.36037346 -0.29225831 -1.25667932
0.36052678 -0.32206638 -1.25030157
0.36128078 -0.35173519 -1.24900579
0.36211826 -0.38118401 -1.25241715
0.36357998 -0.41106770 -1.26042162
0.36577991 -0.44082168 -1.27113228
0.36766074 -0.47043591 -1.27999117
0.36877667 -0.50000389 -1.28292514
0.36871557 -0.52952624 -1.28008157
0.36830285 -0.55911387 -1.27436550
0.36841937 -0.58838586 -1.26933330
0.36880243 -0.61775977 -1.26805498
0.36945157 -0.64720657 -1.27312796
0.37162146 -0.67711899 -1.28847872
0.37498014 -0.70739980 -1.31454524
0.37920851 -0.73794008 -1.34433963
0.38176368 -0.76806301 -1.36194022
0.38292614 -0.79783157 -1.37177178
0.38428766 -0.82788087 -1.38270557
0.38560634 -0.85769988 -1.39443281
0.38744343 -0.88763507 -1.40773726
0.38900403 -0.91731242 -1.42218504
0.39114598 -0.94861080 -1.44023376
0.39344738 -0.97851488 -1.45723171
0.39534329 -1.00873262 -1.47384314
0.39734445 -1.03910582 -1.49226989
0.39966158 -1.06988337 -1.51690078
0.40427393 -1.10254692 -1.55718898
0.37735248 0.72553483 -1.50753035
0.37550600 0.69113777 -1.47444055
0.37331624 0.65650918 -1.44109290
0.37172800 0.62205062 -1.40969273
0.37043084 0.58907893 -1.38608986
0.37020248 0.55734702 -1.36898379
0.36962586 0.52477490 -1.35214599
0.36959500 0.49347037 -1.33796345
0.36958048 0.46208528 -1.32451055
0.36961297 0.43088006 -1.31162358
0.36930662 0.39946732 -1.29789664
0.36907609 0.36816251 -1.28280273
0.36883011 0.33697014 -1.26722197
0.36798064 0.30517565 -1.24962534
0.36746170 0.27398474 -1.23273896
0.36702350 0.24305700 -1.21771234
0.36655631 0.21229129 -1.20518739
0.36692556 0.18192614 -1.19665717
0.36725395 0.15194310 -1.18966545
0.36793486 0.12239967 -1.18944238
0.37220853 0.09489678 -1.21205579
0.37750151 0.06572512 -1.24372822
0.38116249 0.03836456 -1.26891597
0.38503202 0.00995233 -1.29304816
0.38888507 -0.01925286 -1.31248808
0.38987877 -0.04942927 -1.31416134
0.38997328 -0.07990017 -1.30645558
0.39059111 -0.10997291 -1.30388334
0.39223091 -0.13975230 -1.30969981
0.39376005 -0.16968937 -1.31200950
0.39388908 -0.19998705 -1.30686030
0.39310352 -0.23034812 -1.29384417
0.39198431 -0.26070609 -1.27846868
0.39142243 -0.29083151 -1.26594315
0.39104924 -0.32083585 -1.25735252
0.39132570 -0.35064245 -1.25297494
0.39202016 -0.37993106 -1.25279049
0.39341009 -0.40988026 -1.25831035
0.39528230 -0.43963859 -1.26825983
0.39715752 -0.46923670 -1.27995785
0.39946200 -0.49903946 -1.29108667
0.40049111 -0.52871795 -1.29671359
0.40075706 -0.55841717 -1.29510815
0.40049171 -0.58776783 -1.29107714
0.40072673 -0.61725471 -1.28903345
0.40138638 -0.64651368 -1.29140573
0.40264610 -0.67653884 -1.30282802
0.40591862 -0.70663522 -1.32338770
0.40910216 -0.73698908 -1.34735115
0.41162206 -0.76716186 -1.36574135
0.41341097 -0.79716952 -1.37954436
0.41558320 -0.82742395 -1.39408880
0.41743795 -0.85746715 -1.40833106
0.41913264 -0.88760736 -1.42281809
0.42117572 -0.91741869 -1.43906320
0.42348763 -0.94882317 -1.45985397
0.42656433 -0.97944105 -1.48259347
0.42931462 -1.01016270 -1.50584344
0.43227070 -1.04149514 -1.53349655
0.43655486 -1.07368475 -1.56966334
0.40790224 0.69469817 -1.48904824
0.40535404 0.65968777 -1.45414033
0.40319486 0.62490473 -1.42183459
0.40192307 0.59197262 -1.39762011
0.40154042 0.56007034 -1.37990231
0.40125908 0.52769781 -1.36375229
0.40130092 0.49623985 -1.34952310
0.40110071 0.46474911 -1.33568341
0.40095400 0.43345679 -1.32227932
0.40071358 0.40198131 -1.30854842
0.40057571 0.37071975 -1.29424585
0.40015523 0.33952757 -1.27951855
0.39953308 0.30782855 -1.26281588
0.39880415 0.27651022 -1.24636087
0.39848609 0.24561851 -1.23212952
0.39815062 0.21485066 -1.21910481
0.39816619 0.18416439 -1.20869241
0.39859384 0.15420257 -1.20157243
0.39877009 0.12423773 -1.19661083
0.40159146 0.09605822 -1.21064448
0.40678400 0.06674649 -1.23982261
0.41015375 0.03908559 -1.26097982
0.41419986 0.01063176 -1.28341606
0.41902367 -0.01811334 -1.30801456
0.42044009 -0.04828019 -1.31333257
0.41986920 -0.07865878 -1.30594254
0.42033388 -0.10879751 -1.30311577
0.42258707 -0.13848067 -1.31104257
0.42446128 -0.16829808 -1.31790083
0.42521882 -0.19853559 -1.31798939
0.42526016 -0.22872015 -1.31048298
0.42383775 -0.25913819 -1.29360139
0.42237905 -0.28947757 -1.27624739
0.42190497 -0.31953277 -1.26483633
0.42183031 -0.34939754 -1.25816574
0.42203167 -0.37889346 -1.25586686
0.42329811 -0.40874522 -1.25970298
0.42503361 -0.43847647 -1.26801116
0.42681726 -0.46815878 -1.27848973
0.42880741 -0.49791670 -1.29189397
0.43104835 -0.52774095 -1.30538311
0.43298843 -0.55769414 -1.31344547
0.43319352 -0.58718773 -1.31386601
0.43325243 -0.61669607 -1.31238336
0.43398870 -0.64609697 -1.31366495
0.43504801 -0.67611881 -1.32183164
0.43728940 -0.70608256 -1.33739264
0.44030806 -0.73637173 -1.35653564
0.44253563 -0.76647134 -1.37340478
0.44454034 -0.79657851 -1.38821311
0.44676520 -0.82685069 -1.40431529
0.44889232 -0.85712409 -1.42144983
0.45117768 -0.88760272 -1.43989907
0.45398808 -0.91794040 -1.46045072
0.45667327 -0.94921576 -1.48545999
0.46059850 -0.98085985 -1.51512498
0.46457660 -1.01240395 -1.54662756
0.46939279 -1.04479499 -1.58302159
0.44108124 0.69893292 -1.50936794
0.43820554 0.66374506 -1.47319638
0.43555532 0.62867663 -1.43905133
0.43434857 0.59539987 -1.41274804
0.43371809 0.56322029 -1.39416615
0.43329674 0.53095996 -1.37784347
0.43304516 0.49913226 -1.36270164
0.43280040 0.46763670 -1.34873479
0.43247006 0.43616971 -1.33405544
0.43204201 0.40440244 -1.31907828
0.43198936 0.37322282 -1.30543518
0.43194862 0.34213935 -1.29263199
0.43138503 0.31065445 -1.27786871
0.43058952 0.27929073 -1.26237099
0.43036730 0.24836795 -1.24852112
0.42979481 0.21749251 -1.23454156
0.42947473 0.18655384 -1.22209177
0.42989370 0.15639687 -1.21379372
0.43032981 0.12647319 -1.20727288
0.43187216 0.09764776 -1.21466212
0.43647295 0.06805133 -1.23931789
0.43961678 0.03992482 -1.25734042
0.44321508 0.01158101 -1.27933268
0.44839848 -0.01715154 -1.30432260
0.45045719 -0.04691810 -1.31248177
0.45073624 -0.07720222 -1.30902853
0.45083457 -0.10744440 -1.30614465
0.45308699 -0.13710067 -1.31508180
0.45571210 -0.16671743 -1.32481467
0.45647980 -0.19715402 -1.32635923
0.45723704 -0.22718783 -1.32271763
0.45625324 -0.25747574 -1.30845150
0.45403210 -0.28807983 -1.28826788
0.45301097 -0.31819919 -1.27482751
0.45272482 -0.34809364 -1.26642889
0.45306314 -0.37776448 -1.26271606
0.45377974 -0.40747488 -1.26489365
0.45538625 -0.43737239 -1.27202915
0.45705192 -0.46703907 -1.28147839
0.45895697 -0.49680858 -1.29401732
0.46149648 -0.52661358 -1.30955489
0.46435171 -0.55681468 -1.32566907
0.46639413 -0.58667544 -1.33526753
0.46683854 -0.61635805 -1.33871391
0.46796267 -0.64598735 -1.34167064
0.46883147 -0.67597325 -1.34791668
0.47016691 -0.70582150 -1.35814718
0.47220748 -0.73591088 -1.37151129
0.47414006 -0.76595017 -1.38538514
0.47620023 -0.79605439 -1.40017230
0.47839595 -0.82656553 -1.41854357
0.48129891 -0.85704139 -1.43959754
0.48431107 -0.88796178 -1.46315352
0.48805587 -0.91903251 -1.48997133
0.49244243 -0.95040447 -1.52105231
0.49673932 -0.98336268 -1.55709644
0.50143196 -1.01533250 -1.59386789
0.47220919 0.66869879 -1.49868670
0.46896970 0.63317064 -1.46167918
0.46735904 0.59937848 -1.43264428
0.46670777 0.56692955 -1.41275018
0.46608761 0.53467456 -1.39534347
0.46509135 0.50223717 -1.37827095
0.46492338 0.47081074 -1.36415177
0.46455162 0.43913354 -1.34846105
0.46379416 0.40712346 -1.33207237
0.46327445 0.37570937 -1.31791520
0.46379549 0.34487281 -1.30701178
0.46351443 0.31371006 -1.29496834
0.46302647 0.28236641 -1.28116152
0.46256822 0.25135568 -1.26696935
0.46185429 0.22022935 -1.25149401
0.46109638 0.18902419 -1.23636037
0.46087598 0.15847145 -1.22462224
0.46117473 0.12824066 -1.21696623
0.46265822 0.09935341 -1.22138888
0.46682835 0.06966257 -1.24201630
0.46991692 0.04127599 -1.25975708
0.47319193 0.01295217 -1.28155549
0.47844399 -0.01596542 -1.30626805
0.48076759 -0.04538988 -1.31705701
0.48164281 -0.07556372 -1.31684180
0.48205471 -0.10587688 -1.31417893
0.48430811 -0.13558325 -1.32309266
0.48687014 -0.16524396 -1.33362776
0.48771252 -0.19558591 -1.33573026
0.48863927 -0.22574771 -1.33276886
0.48797959 -0.25599023 -1.32067448
0.48589758 -0.28660732 -1.30089367
0.48460591 -0.31684157 -1.28651733
0.48419167 -0.34679799 -1.27710004
0.48398479 -0.37656548 -1.27251505
0.48494672 -0.40623336 -1.27375719
0.48623205 -0.43625847 -1.27992175
0.48772890 -0.46590973 -1.28874811
0.49024556 -0.49571199 -1.30101309
0.49266675 -0.52560418 -1.31628884
0.49587945 -0.55577520 -1.33468397
0.49841419 -0.58591856 -1.35096516
0.49994799 -0.61591151 -1.36158808
0.50104359 -0.64571539 -1.36825363
0.50212315 -0.67565575 -1.37521596
0.50355991 -0.70574123 -1.38388614
0.50497401 -0.73570815 -1.39424475
0.50672159 -0.76576541 -1.40666464
0.50905150 -0.79597616 -1.42202880
0.51207644 -0.82681052 -1.44328328
0.51539879 -0.85773960 -1.46903082
0.51893962 -0.88899840 -1.49691509
0.52324627 -0.92056455 -1.52912113
0.52860901 -0.95248963 -1.56436397
0.53342020 -0.98558363 -1.60259881
0.50368353 0.63867977 -1.49079560
0.50104412 0.60390440 -1.45727091
0.50000097 0.57101676 -1.43496267
0.49932287 0.53894759 -1.41707351
0.49801396 0.50584571 -1.39782646
0.49792833 0.47439050 -1.38317493
0.49742257 0.44262940 -1.36783530
0.49673382 0.41067881 -1.35149531
0.49619950 0.37908109 -1.33674159
0.49615741 0.34804733 -1.32566155
0.49638492 0.31710550 -1.31495289
0.49585936 0.28562033 -1.30198358
0.49539226 0.25458830 -1.28819696
0.49460453 0.22328734 -1.27176906
0.49311936 0.19164000 -1.25298818
0.49221652 0.16061015 -1.23746005
0.49246394 0.13042141 -1.22925807
0.49380521 0.10130759 -1.23172638
0.49748977 0.07151694 -1.24945253
0.50093152 0.04300011 -1.26789766
0.50468142 0.01451205 -1.28801731
0.50919891 -0.01414274 -1.31365150
0.51264445 -0.04341171 -1.33122000
0.51363773 -0.07369410 -1.33072147
0.51392370 -0.10407279 -1.32793760
0.51634445 -0.13386927 -1.33649681
0.51875559 -0.16360242 -1.34570644
0.51963675 -0.19401770 -1.34680714
0.51989485 -0.22433379 -1.34136487
0.51894051 -0.25469559 -1.32856409
0.51739012 -0.28514277 -1.31161724
0.51635822 -0.31551506 -1.29831947
0.51591350 -0.34554228 -1.28915781
0.51555290 -0.37537494 -1.28459878
0.51651144 -0.40504207 -1.28593468
0.51789535 -0.43524839 -1.29215684
0.51969007 -0.46485286 -1.30075145
0.52177674 -0.49471024 -1.31265172
0.52390097 -0.52464602 -1.32730167
0.52718669 -0.55487321 -1.34551851
0.52999936 -0.58494307 -1.36382062
0.53224580 -0.61531325 -1.37971191
0.53466136 -0.64539739 -1.39244937
0.53640823 -0.67547926 -1.40317883
0.53818747 -0.70592621 -1.41417590
0.53977737 -0.73597725 -1.42551105
0.54186289 -0.76626690 -1.43953729
0.54408311 -0.79672901 -1.45748268
0.54684682 -0.82776504 -1.48172972
0.55109651 -0.85923885 -1.51159787
0.55607106 -0.89091047 -1.54360859
0.56138497 -0.92294688 -1.57794821
0.56575635 -0.95503499 -1.61322858
0.53587751 0.60934781 -1.48868491
0.53390986 0.57580800 -1.46221629
0.53346296 0.54373675 -1.44344908
0.53183811 0.51027393 -1.42280969
0.53150348 0.47849559 -1.40658218
0.53090451 0.44666756 -1.39128832
0.53041262 0.41480944 -1.37553595
0.52977214 0.38298895 -1.36058553
0.52954509 0.35167810 -1.34810001
0.52947072 0.32060590 -1.33699848
0.52884031 0.28902783 -1.32441568
0.52878811 0.25802702 -1.31200943
0.52800893 0.22674703 -1.29651269
0.52636085 0.19496602 -1.27580394
0.52458478 0.16321031 -1.25531553
0.52428062 0.13282979 -1.24535017
0.52593792 0.10370745 -1.24818851
0.52929805 0.07405481 -1.26308585
0.53295037 0.04494202 -1.28133165
0.53634975 0.01645032 -1.30127653
0.54122309 -0.01204258 -1.32729077
0.54605329 -0.04132608 -1.34973937
0.54640954 -0.07156240 -1.35303556
0.54776157 -0.10185382 -1.35237024
0.54962617 -0.13189530 -1.35662259
0.55076850 -0.16191213 -1.36104460
0.55169122 -0.19229861 -1.35877771
0.55139176 -0.22290944 -1.34880697
0.54951794 -0.25340752 -1.33452876
0.54880662 -0.28376092 -1.32136303
0.54816611 -0.31414017 -1.31053587
0.54761894 -0.34418605 -1.30274617
0.54783664 -0.37408202 -1.29939590
0.54844962 -0.40378198 -1.30138343
0.55000512 -0.43410406 -1.30845657
0.55174776 -0.46383210 -1.31806825
0.55408812 -0.49372383 -1.33017830
0.55641724 -0.52375126 -1.34467667
0.55928325 -0.55395165 -1.36236491
0.56239739 -0.58428475 -1.38104734
0.56529162 -0.61463294 -1.39872348
0.56745875 -0.64493879 -1.41489641
0.56974858 -0.67514565 -1.42975951
0.57256447 -0.70590333 -1.44624031
0.57469342 -0.73632821 -1.46312959
0.57755208 -0.76714597 -1.48312964
0.58153993 -0.79827441 -1.50735754
0.58579608 -0.82969396 -1.53508582
0.58975915 -0.86149269 -1.56556856
0.59470993 -0.89325416 -1.59848203
0.59926636 -0.92542033 -1.63351478
0.57186265 0.61598809 -1.52830569
0.56945779 0.58161372 -1.49577132
0.56800215 0.54874190 -1.47345466
0.56659440 0.51538794 -1.45210251
0.56567523 0.48286425 -1.43297407
0.56482926 0.45075416 -1.41612975
0.56416721 0.41881072 -1.39967106
0.56329808 0.38677641 -1.38410815
0.56283506 0.35526281 -1.37072050
0.56303099 0.32423361 -1.35990928
0.56261977 0.29264007 -1.34825159
0.56244014 0.26150796 -1.33699293
0.56211907 0.23047652 -1.32458714
0.56071726 0.19883807 -1.30487703
0.55781234 0.16639621 -1.27977827
0.55695109 0.13548959 -1.26506178
0.55894309 0.10609206 -1.26704507
0.56210859 0.07703306 -1.28123713
0.56563456 0.04718471 -1.30031367
0.56982543 0.01900788 -1.32284373
0.57537528 -0.00949936 -1.35219041
0.58059899 -0.03848227 -1.37865293
0.58306604 -0.06824422 -1.38959201
0.58329637 -0.09902757 -1.38759713
0.58352143 -0.12964341 -1.38309788
0.58430195 -0.16001247 -1.37983005
0.58393132 -0.19065734 -1.37140390
0.58272625 -0.22159375 -1.35706849
0.58118329 -0.25207902 -1.34309050
0.58048959 -0.28235265 -1.33315671
0.58014185 -0.31273928 -1.32548986
0.57996296 -0.34287140 -1.31981329
0.58000899 -0.37283683 -1.31768490
0.58124042 -0.40255148 -1.32053231
0.58282524 -0.43294551 -1.32867205
0.58505016 -0.46289013 -1.34071050
0.58760278 -0.49279454 -1.35459266
0.59030930 -0.52299413 -1.37061118
0.59344757 -0.55319494 -1.38962032
0.59674425 -0.58377704 -1.40995344
0.59993046 -0.61426746 -1.43016789
0.60332090 -0.64492546 -1.45066101
0.60663631 -0.67545351 -1.47047733
0.61057449 -0.70647010 -1.49238568
0.61336464 -0.73757899 -1.51476037
0.61684536 -0.76885880 -1.53835977
0.62068656 -0.80007761 -1.56384874
0.62438950 -0.83166563 -1.59181612
0.62852448 -0.86348652 -1.62389239
0.60336498 0.55412219 -1.50805894
0.60224094 0.52107759 -1.48563915
0.60034369 0.48751491 -1.46293946
0.59931759 0.45513959 -1.44383690
0.59809801 0.42282105 -1.42523736
0.59718751 0.39061061 -1.40869685
0.59674966 0.35893040 -1.39492273
0.59681540 0.32784300 -1.38504693
0.59678652 0.29652894 -1.37553632
0.59672499 0.26531516 -1.36602234
0.59695881 0.23443161 -1.35645667
0.59589573 0.20302594 -1.34033247
0.59315352 0.17047402 -1.31458619
0.59120702 0.13872477 -1.29255378
0.59175574 0.10855340 -1.28821971
0.59525330 0.08000443 -1.30205944
0.59888817 0.04986254 -1.32429907
0.60411621 0.02179746 -1.34983092
0.60983003 -0.00679812 -1.38089231
0.61567875 -0.03553136 -1.41000957
0.61875074 -0.06529751 -1.42473226
0.61941525 -0.09607133 -1.42310910
0.61902126 -0.12705993 -1.41394740
0.61803362 -0.15799437 -1.40216777
0.61608867 -0.18892605 -1.38610604
0.61463449 -0.22013726 -1.36938768
0.61327073 -0.25057485 -1.35705583
0.61288397 -0.28082810 -1.34961234
0.61316137 -0.31120035 -1.34513284
0.61367926 -0.34140136 -1.34230095
0.61375950 -0.37149955 -1.34208546
0.61496985 -0.40142499 -1.34664781
0.61713143 -0.43164601 -1.35700602
0.61978062 -0.46196018 -1.37260339
0.62288366 -0.49197146 -1.39030048
0.62649505 -0.52238437 -1.41016038
0.62957072 -0.55281366 -1.43063792
0.63298626 -0.58351642 -1.45205670
0.63731531 -0.61435842 -1.47521769
0.64060619 -0.64530099 -1.49890564
0.64401447 -0.67606878 -1.52190632
0.64867422 -0.70721425 -1.54592889
0.65183073 -0.73873992 -1.57077346
0.65545733 -0.77020314 -1.59689272
0.65977405 -0.80186515 -1.62605113
0.63935294 0.52767704 -1.52787994
0.63642572 0.49326984 -1.50228572
0.63551661 0.46082719 -1.48136571
0.63404791 0.42796919 -1.46130182
0.63270972 0.39554196 -1.44334019
0.63201588 0.36367893 -1.42888967
0.63215811 0.33236824 -1.41921995
0.63254108 0.30133583 -1.41171690
0.63297460 0.27004575 -1.40444598
0.63281352 0.23907317 -1.39673459
0.63272052 0.20788017 -1.38503495
0.63094834 0.17575758 -1.36309421
0.62760251 0.14308748 -1.33554858
0.62634335 0.11206226 -1.32168499
0.62924895 0.08293144 -1.33079950
0.63355093 0.05324775 -1.35257220
0.63903976 0.02445842 -1.37980857
0.64521798 -0.00385614 -1.41033788
0.64989332 -0.03298329 -1.43646070
0.65339205 -0.06286937 -1.45213250
0.65416893 -0.09362361 -1.45298705
0.65358395 -0.12471780 -1.44293062
0.65204790 -0.15593903 -1.42634434
0.64990683 -0.18707274 -1.40621334
0.64807461 -0.21838390 -1.38940724
0.64708848 -0.24888175 -1.37841542
0.64675960 -0.27926527 -1.37222820
0.64719326 -0.30963333 -1.37001637
0.64817357 -0.33990668 -1.37064790
0.64909524 -0.37005550 -1.37482426
0.65102858 -0.40022177 -1.38449288
0.65421313 -0.43031692 -1.39935475
0.65708187 -0.46108887 -1.41867549
0.66071379 -0.49140421 -1.44006247
0.66512703 -0.52190312 -1.46266001
0.66856454 -0.55254125 -1.48468914
0.67204191 -0.58343153 -1.50829074
0.67689539 -0.61467606 -1.53575194
0.68175780 -0.64594098 -1.56433130
0.68614478 -0.67745865 -1.59110502
0.67383393 0.46788160 -1.53463539
0.67249574 0.43512453 -1.51436448
0.67130756 0.40257237 -1.49571525
0.67052416 0.37022653 -1.48065676
0.67074857 0.33875493 -1.47034514
0.67073457 0.30744969 -1.46312181
0.67133245 0.27621463 -1.45792599
0.67205892 0.24524689 -1.45272753
0.67215935 0.21395089 -1.44449793
0.67147864 0.18233884 -1.42949746
0.66875900 0.14966997 -1.40500158
0.66552985 0.11733165 -1.38315502
0.66724863 0.08711521 -1.38240182
0.67073555 0.05811170 -1.39689114
0.67429107 0.02753692 -1.41865956
0.68017405 -0.00084180 -1.44591429
0.68552526 -0.03015745 -1.47052454
0.68914485 -0.06015159 -1.48448163
0.69010729 -0.09089957 -1.48484777
0.68912968 -0.12230367 -1.47380190
0.68713513 -0.15373969 -1.45561613
0.68475301 -0.18494679 -1.43566804
0.68289464 -0.21630157 -1.41931681
0.68221875 -0.24702157 -1.40886119
0.68229472 -0.27747068 -1.40370568
0.68293135 -0.30789217 -1.40307422
0.68404176 -0.33833791 -1.40673204
0.68569136 -0.36860480 -1.41598988
0.68897212 -0.39885398 -1.43215294
0.71194593 0.37860689 -1.54843454
0.71212305 0.34668412 -1.53711090
0.71226051 0.31515350 -1.52966622
0.71287398 0.28397041 -1.52563729
0.71356164 0.25244891 -1.52226461
0.71442803 0.22138859 -1.51842344
0.71457188 0.18996318 -1.51077616
0.71396226 0.15818119 -1.49919185
0.71381600 0.12652427 -1.48725258
0.71364429 0.09499203 -1.47982360
0.71510914 0.06460196 -1.48114118
0.71783240 0.03420494 -1.49076306
0.72038031 0.00317127 -1.50401691
0.72389618 -0.02668255 -1.51649212
0.72600387 -0.05709314 -1.52355173
0.72682015 -0.08799583 -1.52294023
0.72663701 -0.11952976 -1.51354338
0.72420386 -0.15111169 -1.49654356
0.72224590 -0.18240802 -1.47915957
0.72093999 -0.21371434 -1.46438021
0.71979843 -0.24474789 -1.45326822
0.71916188 -0.27546855 -1.44792963
0.72016247 -0.30606140 -1.44891806
0.72187814 -0.33655961 -1.45654257
0.76558772 0.04186283 -1.59748818
0.76604501 0.00990118 -1.59444669
0.76498114 -0.02232503 -1.58829950
0.76526364 -0.05342929 -1.58345547
0.76612712 -0.08462254 -1.57778325
0.76648249 -0.11610743 -1.56862045
0.76506637 -0.14782756 -1.55580256
0.76383096 -0.17917531 -1.54334309
0.76232172 -0.21055248 -1.53126868
0.76138435 -0.24208259 -1.52170117
